,logPrior,time_stats,num_coal,theta_root,P_Z_M,P_Z_M0,E_diff
0,34.527995000000004,0.035607,310,0.00010728799999999998,2716.3895399999997,2716.3912786838587,-0.0017386838590027764
1,34.575846999999996,0.038667,310,0.00010704700000000001,2687.754554,2687.7556547628074,-0.001100762807254796
2,34.525034999999995,0.038301999999999996,310,0.00011027499999999998,2692.432222,2692.4292818623544,0.0029401376455098216
3,34.572361,0.04102,310,0.000114022,2669.6506050000003,2669.647426176661,0.0031788233391125686
4,34.539087,0.041689,310,0.00011428200000000001,2663.973918,2663.905879041635,0.06803895836492302
5,34.512556,0.044637,310,0.000113826,2637.781942,2637.784721183021,-0.002779183020720666
6,34.570972,0.042328,310,0.00011369400000000001,2657.995127,2657.998033306538,-0.0029063065380796616
7,34.628616,0.039885000000000004,310,0.00011400299999999999,2679.5979629999997,2679.595007921612,0.0029550783879130904
8,34.688848,0.039167,310,0.000113593,2685.767806,2685.769938565945,-0.002132565944975795
9,34.54169,0.039293,310,0.000119743,2686.0849789999997,2686.0816446261315,0.0033343738682560797
10,34.384133,0.043391000000000006,310,0.00012749,2654.440229,2654.4438779871666,-0.003648987166798179
11,34.289217,0.042043000000000004,310,0.00012885799999999998,2665.212376,2665.209598974015,0.0027770259848693968
12,34.250904999999996,0.044462,310,0.00013517799999999999,2647.727455,2647.725777784697,0.00167721530306153
13,34.19597,0.045239,310,0.00014191,2642.785112,2642.7874973913968,-0.0023853913967286644
14,34.250438,0.046326,310,0.000142359,2635.1778489999997,2635.1780395981173,-0.00019059811756960698
15,34.144381,0.048679,310,0.00014273200000000002,2618.728535,2618.731826335045,-0.003291335044650623
16,34.184348,0.048258999999999996,310,0.000143151,2621.75685,2621.7553485150547,0.001501484945492848
17,34.220895,0.048007,310,0.000146471,2624.0118079999997,2624.0096742520755,0.002133747924290219
18,34.139379,0.047533,310,0.00014681799999999998,2627.282214,2627.279263856546,0.0029501434537451132
19,34.068422999999996,0.053237,310,0.000151831,2589.9945399999997,2589.992530399237,0.002009600762903574
20,33.913082,0.052328,310,0.000157773,2597.059689,2597.058757251508,0.0009317484923485608
21,33.797705,0.055434000000000004,310,0.000162724,2578.483057,2578.483972331776,-0.0009153317760137725
22,33.79339,0.054658000000000005,310,0.00016303700000000002,2583.301567,2583.3019226838655,-0.0003556838655640604
23,33.698584999999994,0.049326,310,0.000164283,2615.943393,2615.9406502639144,0.0027427360855654115
24,33.656944,0.054153999999999994,310,0.000161952,2586.235662,2586.237873412942,-0.002211412941960589
25,33.546921000000005,0.054722,310,0.00016789900000000003,2583.518207,2583.519358661445,-0.0011516614449647022
26,33.578216999999995,0.057604999999999996,310,0.000168764,2566.513674,2566.5138544379884,-0.00018043798854705528
27,33.652219,0.055844000000000005,310,0.00016917900000000001,2576.996111,2576.9988781606307,-0.0027671606308103947
28,33.802859999999995,0.0569,310,0.000162589,2569.4392829999997,2569.4418056935274,-0.0025226935276805307
29,33.842512,0.054877999999999996,310,0.00016782099999999996,2582.5829710000003,2582.5823630307555,0.0006079692448111018
30,33.865303000000004,0.055067,310,0.00016754,2581.428011,2581.42532076132,0.002690238679861068
31,33.796096999999996,0.053689999999999995,310,0.00017144700000000003,2589.800775,2589.800900668725,-0.00012566872464958578
32,33.728034,0.054463,310,0.000177797,2585.365031,2585.363485413663,0.001545586336760607
33,33.74555,0.05823300000000001,310,0.000173885,2563.686546,2563.6879573621427,-0.001411362142789585
34,33.810317,0.057324,310,0.000174465,2568.9791370000003,2568.9792125934705,-7.559347022834118e-05
35,33.853064,0.056446,310,0.000170192,2573.576504,2573.5757507676844,0.000753232315673813
36,33.766492,0.054951,310,0.00017999099999999998,2582.586005,2582.584177290809,0.001827709191275062
37,33.742605,0.060409000000000004,310,0.000186538,2552.965111,2552.9641946052893,0.0009163947106571868
38,33.647827,0.06327100000000001,310,0.00019171599999999998,2538.295206,2538.294594995081,0.0006110049189373967
39,33.668381,0.055799,310,0.00019105,2577.3314649999998,2577.333090560438,-0.0016255604382422462
40,33.639602000000004,0.061953999999999995,310,0.000191645,2545.159219,2545.1592362636184,-1.7263618246943224e-05
41,33.651811,0.06354,310,0.000195935,2537.281908,2537.279958727482,0.0019492725177769898
42,33.701329,0.055385000000000004,310,0.00019119700000000002,2579.485999,2579.484515603417,0.001483396582898422
43,33.571279,0.066276,310,0.000196815,2523.4379010000002,2523.4393702383004,-0.0014692383001602138
44,33.633789,0.060575,310,0.000196338,2552.411557,2552.410147335728,0.001409664271704969
45,33.729386,0.06412999999999999,310,0.000192678,2533.932694,2533.932481637969,0.00021236203110674978
46,33.589498,0.065335,310,0.000197996,2528.3456730000003,2528.34596835079,-0.00029535078965636785
47,33.424929,0.071748,310,0.00020723899999999999,2497.972537,2497.9743903338813,-0.0018533338811721478
48,33.34968,0.07168,310,0.000213876,2499.264879,2499.2635438886155,0.0013351113843782514
49,33.353096,0.067561,310,0.000213302,2518.506007,2518.505399856188,0.0006071438119761297
50,33.244678,0.072949,310,0.00022333599999999998,2494.3611969999997,2494.3605027874514,0.0006942125482964911
51,33.110192,0.074751,310,0.000231588,2486.968909,2486.970528876379,-0.0016198763787542703
52,33.031665000000004,0.078345,310,0.00023184299999999997,2471.480049,2471.4825232953676,-0.002474295367846935
53,32.934622,0.079899,310,0.000241543,2465.911563,2465.9133476956736,-0.0017846956734501873
54,32.89678,0.077058,310,0.000241543,2477.674031,2477.675228603007,-0.0011976030068581167
55,32.799295,0.08517899999999999,310,0.00025055400000000005,2445.3832399999997,2445.382171650691,0.0010683493087526585
56,32.690490999999994,0.086885,310,0.000262635,2439.924187,2439.926335907516,-0.0021489075161298388
57,32.525541,0.087348,310,0.00027639900000000003,2438.890781,2438.8903981803987,0.0003828196013273555
58,32.286405,0.087663,310,0.000291931,2437.676505,2437.676770734347,-0.0002657343470673368
59,32.342299,0.089149,310,0.000293912,2432.548925,2432.5482936513904,0.000631348609658744
60,32.066385,0.090853,310,0.000310872,2426.221803,2426.223594227949,-0.0017912279490701621
61,32.236934999999995,0.095627,310,0.00029658500000000003,2410.6328670000003,2410.6334435805206,-0.0005765805203736818
62,32.172427,0.10083400000000001,310,0.000304101,2393.720443,2393.7217090173017,-0.0012660173015319742
63,32.025811,0.109971,310,0.00031557300000000004,2365.343004,2365.3426051055826,0.0003988944172306219
64,32.111643,0.109501,310,0.000314839,2366.743242,2366.7448791963184,-0.0016371963183701155
65,32.088087,0.112376,310,0.00032160099999999997,2358.528909,2358.5305142786883,-0.0016052786882028158
66,32.040933,0.11143399999999999,310,0.000322666,2361.576252,2361.5783825439266,-0.0021305439267962356
67,31.986984999999997,0.10512300000000001,310,0.000335196,2381.504702,2381.505603043247,-0.0009010432468130603
68,32.127984000000005,0.108018,310,0.000321724,2372.091428,2372.0913372279374,9.077206277652294e-05
69,32.022985,0.10266800000000001,310,0.00033476800000000004,2388.832886,2388.834163090882,-0.001277090882012999
70,32.221269,0.105572,310,0.000323917,2379.810486,2379.809834007771,0.0006519922289953684
71,32.227234,0.108867,310,0.00032478700000000005,2369.705112,2369.706261952162,-0.0011499521619953157
72,32.244559,0.11186199999999999,310,0.00032368,2360.365738,2360.3653189462,0.00041905379976014956
73,32.283495,0.11555399999999999,310,0.000315826,2347.695238,2347.6958759131526,-0.0006379131527864956
74,32.336411,0.10733,310,0.000314937,2373.647798,2373.6500687135513,-0.0022707135512973764
75,32.358795,0.1069,310,0.000322495,2375.617768,2375.6187255372424,-0.0009575372423569206
76,32.414694,0.10133099999999999,310,0.000314378,2392.6750079999997,2392.676940370269,-0.0019323702695146494
77,32.490860999999995,0.103058,310,0.000301113,2386.104457,2386.1064663810853,-0.002009381085372297
78,32.576503,0.08895299999999999,310,0.000293055,2433.233679,2433.2353257389805,-0.0016467389805256971
79,32.489507,0.08265299999999999,310,0.000293537,2454.6871149999997,2454.6866656523744,0.00044934762536286144
80,32.405871000000005,0.089215,310,0.00029417299999999995,2432.315839,2432.317885902663,-0.0020469026630962617
81,32.514438,0.09213400000000001,310,0.000284936,2422.131752,2422.1320700433353,-0.0003180433354827983
82,32.544065,0.096445,310,0.000290425,2407.4841309999997,2407.484541857638,-0.00041085763814407983
83,32.757284999999996,0.08247,310,0.000278972,2456.4174420000004,2456.4182933368065,-0.0008513368061358051
84,32.81998,0.093269,310,0.00027964,2417.763341,2417.7655510344794,-0.00221003447950352
85,32.752590999999995,0.099562,310,0.000288616,2396.540648,2396.540252452055,0.00039554794511786895
86,32.747951,0.098165,310,0.000280183,2400.335501,2400.336280765121,-0.0007797651210239565
87,32.724369,0.10553299999999999,310,0.000291561,2376.395894,2376.3980715917633,-0.0021775917630293407
88,32.675055,0.09383,310,0.000296595,2416.693161,2416.692629397346,0.0005316026540640451
89,32.581348999999996,0.10497100000000001,310,0.00030587299999999996,2380.3149129999997,2380.3162875587386,-0.0013745587389166758
90,32.608653000000004,0.10838800000000001,310,0.000305378,2369.07155,2369.072678764843,-0.0011287648430879926
91,32.689655,0.10353599999999999,310,0.000304183,2384.843127,2384.84470466281,-0.001577662809722824
92,32.512485,0.106734,310,0.000320336,2375.985633,2375.9851646056404,0.00046839435935908114
93,32.360169,0.115427,310,0.00033108,2350.31502,2350.314495686838,0.0005243131618044572
94,32.379847999999996,0.11218,310,0.000329636,2359.9911,2359.9925327323663,-0.0014327323660836555
95,32.383070000000004,0.12086400000000001,310,0.000329636,2333.645893,2333.648322755301,-0.0024297553009091644
96,32.380488,0.112973,310,0.000330563,2357.675973,2357.677385850964,-0.0014128509642432618
97,32.34503,0.110633,310,0.000331774,2364.843102,2364.8442337002098,-0.0011317002099531237
98,32.261404,0.114935,310,0.00034428400000000004,2352.988929,2352.991398663929,-0.002469663928877708
99,32.359701,0.116218,310,0.00034294699999999997,2349.154015,2349.1550131224076,-0.0009981224075090722
100,32.527988,0.112473,310,0.000334864,2359.55202,2359.552655972763,-0.0006359727631206624
101,32.709912,0.10601300000000001,310,0.00032361900000000003,2378.429635,2378.432326627306,-0.002691627305921429
102,32.723296000000005,0.10716800000000001,310,0.00032437,2374.908926,2374.9114616800885,-0.0025356800883855612
103,32.680683,0.110069,310,0.00032505900000000005,2366.0293899999997,2366.029445620574,-5.5620574130443856e-05
104,32.70752,0.111326,310,0.000317955,2361.358811,2361.3605334198555,-0.0017224198554686154
105,32.605841999999996,0.102113,310,0.000333267,2390.510409,2390.5112944893835,-0.0008854893835632538
106,32.471105,0.10608699999999999,310,0.000345276,2378.682527,2378.684480284094,-0.0019532840942702023
107,32.405159000000005,0.11284000000000001,310,0.000354245,2359.449377,2359.4507760362576,-0.0013990362576805637
108,32.5012,0.11538599999999999,310,0.00033868900000000004,2351.222111,2351.2241649350412,-0.0020539350412036583
109,32.550178,0.103242,310,0.000326206,2387.056329,2387.0566241527413,-0.00029515274127334123
110,32.594768,0.10204099999999999,310,0.000327221,2390.743134,2390.7455733433508,-0.0024393433509430906
111,32.607434000000005,0.106563,310,0.000325895,2376.859755,2376.8598878540693,-0.00013285406930663157
112,32.434098999999996,0.119879,310,0.000337075,2337.7435609999998,2337.7443209583316,-0.0007599583318551595
113,32.269717,0.12623299999999998,310,0.00035285000000000004,2321.4558620000003,2321.457971249249,-0.0021092492488605785
114,32.286551,0.114004,310,0.00034862699999999995,2355.931739,2355.934576286609,-0.002837286609064904
115,32.16259,0.117809,310,0.00036627199999999995,2345.993075,2345.9937905677084,-0.0007155677085393108
116,32.397903,0.11973800000000001,310,0.000352402,2339.827525,2339.8276701692735,-0.00014516927330987528
117,32.61075,0.12195399999999999,310,0.000337401,2331.6377350000002,2331.63832654473,-0.0005915447295592458
118,32.6109,0.11978399999999999,310,0.00033816300000000005,2338.167796,2338.170499724201,-0.0027037242007281748
119,32.650667999999996,0.122852,310,0.00033879699999999995,2329.194611,2329.197135649181,-0.0025246491809411964
120,32.582774,0.111347,310,0.00035151400000000004,2363.620596,2363.6224867000087,-0.0018907000085164327
121,32.564142,0.11591199999999999,310,0.00035175699999999996,2350.648584,2350.6493763815292,-0.0007923815292087966
122,32.382205,0.120581,310,0.000367033,2338.463389,2338.4648102916453,-0.0014212916453288926
123,32.505201,0.116942,310,0.000354724,2347.895548,2347.8981003997865,-0.0025523997865093406
124,32.552455,0.105654,310,0.00035372699999999997,2379.750541,2379.7530446659384,-0.0025036659385477833
125,32.370235,0.11856300000000002,310,0.00036799699999999995,2343.993216,2343.996023571323,-0.0028075713230464316
126,32.401403,0.11828,310,0.000362342,2344.5476289999997,2344.549524136572,-0.0018951365723296476
127,32.335093,0.116836,310,0.000364236,2348.593383,2348.595225904517,-0.0018429045171615144
128,32.482981,0.110552,310,0.000348836,2365.839743,2365.8404786715437,-0.0007356715436799277
129,32.462748,0.10856700000000001,310,0.00035879300000000005,2371.439832,2371.443241178804,-0.0034091788038494997
130,32.696337,0.10976300000000001,310,0.00034049300000000003,2367.895197,2367.896659254497,-0.0014622544972553442
131,32.642115999999994,0.109774,310,0.000339585,2367.826779,2367.830098601761,-0.003319601761177182
132,32.476825,0.11932100000000001,310,0.000360872,2341.59378,2341.595344897974,-0.001564897973821644
133,32.537484,0.125026,310,0.000351749,2324.736048,2324.738410858661,-0.0023628586609447666
134,32.273185,0.11666199999999999,310,0.00037173400000000003,2349.2139429999997,2349.216616487172,-0.002673487172160094
135,32.248020000000004,0.11723199999999999,310,0.00037032,2347.657575,2347.6605215127047,-0.002946512704511406
136,32.478206,0.11278599999999998,310,0.000354906,2359.616225,2359.6182898017873,-0.00206480178712809
137,32.345893,0.11358399999999999,310,0.000362143,2357.505802,2357.507701159773,-0.0018991597730746435
138,32.230526,0.11692899999999999,310,0.00037676300000000007,2348.5289390000003,2348.531232408577,-0.002293408576861111
139,32.330011,0.11929100000000001,310,0.000365949,2341.932384,2341.9336482893145,-0.0012642893143492984
140,32.206511,0.120823,310,0.000372896,2338.067505,2338.0684418977357,-0.0009368977357553376
141,32.090740999999994,0.12458399999999999,310,0.00039009,2328.731591,2328.7344270948342,-0.0028360948340377945
142,32.187222999999996,0.118031,310,0.000380943,2345.622489,2345.6234692900566,-0.0009802900567592587
143,32.258139,0.123222,310,0.00038133199999999996,2332.009562,2332.0103338164017,-0.0007718164015386719
144,32.223427,0.126496,310,0.00038005699999999994,2323.348589,2323.350028702817,-0.0014397028166968084
145,32.041589,0.125305,310,0.000395126,2327.002687,2327.003752813729,-0.0010658137289283331
146,32.132059000000005,0.126789,310,0.00038237199999999996,2322.713324,2322.7163006138303,-0.0029766138304694323
147,32.180339000000004,0.13184,310,0.000383344,2309.592494,2309.5938790311984,-0.001385031198424258
148,32.17537,0.13601300000000002,310,0.000382585,2298.61647,2298.6185950527565,-0.0021250527565825905
149,31.957019,0.13059,310,0.000401506,2313.91296,2313.9144988765065,-0.0015388765064017207
150,31.707775,0.12731099999999998,310,0.000419984,2322.081386,2322.083771700926,-0.0023857009259700135
151,31.622166999999997,0.134482,310,0.000433737,2305.171091,2305.173757992556,-0.0026669925559872354
152,31.830609999999997,0.143078,310,0.00041937300000000007,2284.495491,2284.496845279874,-0.0013542798737944395
153,31.620378999999996,0.137962,310,0.00044138,2297.240319,2297.24331453241,-0.002995532409840962
154,31.698334999999997,0.146393,310,0.00042581600000000003,2277.145302,2277.147594134108,-0.0022921341083019797
155,31.460805,0.12867699999999999,310,0.00044230199999999994,2318.2392019999998,2318.240440740945,-0.0012387409451548592
156,31.594461,0.13433900000000001,310,0.000424139,2305.428989,2305.4314877456973,-0.0024987456972667133
157,31.375704,0.139524,310,0.000445665,2293.745651,2293.7487252249007,-0.0030742249005015765
158,31.3361,0.14940499999999998,310,0.000447176,2271.658758,2271.660877151908,-0.0021191519081185106
159,31.381690999999996,0.14341500000000001,310,0.00044561699999999993,2285.014271,2285.0166792648906,-0.0024082648906187387
160,31.332538,0.125903,310,0.00044681699999999996,2324.237762,2324.240122361421,-0.0023603614208695944
161,31.357714,0.127089,310,0.00044862800000000007,2321.477841,2321.4800470866544,-0.0022060866544961755
162,31.475902,0.132941,310,0.000444239,2308.554086,2308.555879222685,-0.001793222684682405
163,31.554569,0.150608,310,0.00042967399999999995,2267.627301,2267.6286931275326,-0.0013921275326538307
164,31.686209,0.130301,310,0.000419993,2314.96138,2314.964458204974,-0.003078204973917309
165,31.595222999999997,0.134633,310,0.00043539,2304.821984,2304.824908594016,-0.0029245940158943995
166,31.672110999999997,0.15471400000000002,310,0.00043420500000000006,2258.575516,2258.5781341434463,-0.0026181434463978803
167,31.599702,0.157078,310,0.00043566400000000005,2253.303487,2253.3052985983254,-0.001811598325275554
168,31.323071999999996,0.14747000000000002,310,0.00046799800000000007,2276.549735,2276.5518677741834,-0.0021327741833374603
169,31.439584999999997,0.149422,310,0.00046087,2272.197674,2272.200695292314,-0.003021292313860613
170,31.161839,0.160078,310,0.00048253699999999995,2250.4318789999998,2250.4336060603923,-0.0017270603925680916
171,31.088765000000002,0.16458,310,0.000497577,2241.8954949999998,2241.8984233086,-0.0029283086000759795
172,31.16917,0.164553,310,0.000495915,2241.877814,2241.8815467742997,-0.0037327742998058966
173,30.920461,0.175189,310,0.000517173,2221.940398,2221.94337689527,-0.002978895269734494
174,30.688715000000002,0.176699,310,0.000545373,2220.228896,2220.231605870489,-0.002709870489070454
175,30.980954999999998,0.170442,310,0.000520104,2231.2249420000003,2231.2274381372913,-0.0024961372910183854
176,30.973190999999996,0.171318,310,0.000519483,2229.51695,2229.5197569370234,-0.002806937023251521
177,31.003179,0.177428,310,0.000520768,2217.831847,2217.834960997283,-0.003113997282980563
178,30.935478000000003,0.18548599999999998,310,0.000532729,2203.316477,2203.3191324461513,-0.002655446151493379
179,30.967162,0.176399,310,0.000534497,2220.4417670000003,2220.4447573878965,-0.0029903878962613817
180,31.098958000000003,0.181673,310,0.000517757,2209.448253,2209.452351249489,-0.0040982494888339716
181,30.819128000000003,0.18892899999999999,310,0.000548263,2197.991038,2197.99425012074,-0.0032121207400450658
182,31.035023,0.168418,310,0.000522509,2235.176449,2235.1792658260447,-0.0028168260446364
183,31.069694000000002,0.172374,310,0.00052043,2227.5240670000003,2227.526154566152,-0.002087566151658393
184,30.818577,0.164994,310,0.000542036,2241.7319850000003,2241.7340928390668,-0.002107839066411543
185,31.039201000000002,0.18574100000000002,310,0.0005224019999999999,2202.01346,2202.0164482445416,-0.002988244541484164
186,30.961374,0.18341,310,0.000527675,2206.870022,2206.8735530285257,-0.0035310285256855423
187,30.788546000000004,0.191254,310,0.0005422630000000001,2193.3022809999998,2193.3050341175235,-0.002753117523752735
188,30.590246999999998,0.185698,310,0.0005592290000000001,2204.38714,2204.389845713783,-0.0027057137831434375
189,30.267784000000002,0.188269,310,0.000585734,2200.66838,2200.671453458947,-0.003073458946801111
190,30.501949,0.18352000000000002,310,0.000557524,2208.223874,2208.227491935972,-0.0036179359722154913
191,30.443201000000002,0.18766300000000002,310,0.000558059,2200.818069,2200.821780770323,-0.00371177032320702
192,30.157296999999996,0.186245,310,0.0005803780000000001,2204.036929,2204.0402893880914,-0.0033603880915507034
193,30.058353999999998,0.178334,310,0.000589121,2217.593638,2217.596097808746,-0.002459808746152703
194,30.168723999999997,0.193804,310,0.000582602,2191.1016649999997,2191.1050932090393,-0.003428209039611829
195,30.246190999999996,0.18948199999999998,310,0.000572117,2198.189942,2198.1929155739626,-0.0029735739626630675
196,30.271949,0.163046,310,0.0005743570000000001,2244.297889,2244.300333172556,-0.0024441725558972394
197,30.516872999999997,0.171781,310,0.000554298,2229.285937,2229.2888338021485,-0.0028968021483706252
198,30.301571999999997,0.168837,310,0.000571536,2234.289414,2234.2931691277167,-0.0037551277168859087
199,30.040747999999997,0.189335,310,0.000603452,2199.100779,2199.104076977124,-0.00329797712402069
200,30.124722,0.183572,310,0.000602013,2208.663627,2208.667104413902,-0.003477413902146509
201,29.996827000000003,0.209695,310,0.000617398,2166.127402,2166.1314508821824,-0.004048882182360103
202,29.644522,0.202409,310,0.00064919,2178.418246,2178.4220189357393,-0.003772935739107197
203,29.552224,0.186526,310,0.0006511669999999999,2202.813384,2202.8176050763277,-0.004221076327667106
204,29.461886,0.19905599999999998,310,0.00065353,2183.553746,2183.5576184965503,-0.003872496550229698
205,29.160837,0.21315599999999998,310,0.0006819160000000001,2162.375684,2162.3789345588057,-0.003250558805575565
206,29.084484000000003,0.21249400000000002,310,0.0006836869999999999,2163.3491,2163.3528654434017,-0.0037654434017895255
207,29.441259999999996,0.199251,310,0.0006457759999999999,2183.294757,2183.2984954117383,-0.0037384117381407123
208,29.474420000000002,0.201155,310,0.000648154,2180.350089,2180.3534924381156,-0.0034034381155834126
209,29.365589,0.194074,310,0.000650248,2191.23972,2191.2427020114856,-0.0029820114855283464
210,29.724252000000003,0.19293,310,0.000617429,2193.282517,2193.2858584275277,-0.003341427527630003
211,29.773324,0.198553,310,0.00061885,2184.201957,2184.204510536901,-0.0025535369009048736
212,29.701953000000003,0.18850999999999998,310,0.000637128,2200.144211,2200.1484076563165,-0.0041966563167079585
213,29.856637,0.196555,310,0.000619095,2187.431967,2187.436068261422,-0.004101261421965319
214,29.629490999999998,0.203523,310,0.000647408,2176.691622,2176.695220213926,-0.0035982139261250268
215,29.679944,0.21914899999999998,310,0.000649784,2152.657098,2152.661115710317,-0.004017710316929879
216,29.705531,0.199545,310,0.000651609,2182.81842,2182.8217853023634,-0.0033653023633632984
217,30.000390000000003,0.19195399999999999,310,0.000625794,2194.846916,2194.8505918007713,-0.003675800771361537
218,30.16137,0.18850899999999998,310,0.000605916,2200.475423,2200.4799947165425,-0.004571716542614013
219,29.794901,0.20008399999999998,310,0.000636205,2181.97236,2181.976325349593,-0.003965349592817802
220,30.025104,0.18928,310,0.000616538,2199.197493,2199.20211502226,-0.004622022259809455
221,30.016718,0.20432899999999998,310,0.000617915,2174.835772,2174.840186585519,-0.004414585519043612
222,29.985934000000004,0.20555199999999998,310,0.000617255,2172.833424,2172.836549902379,-0.003125902378997125
223,30.103635999999998,0.196715,310,0.000608452,2186.99181,2186.9952537763793,-0.003443776379299379
224,30.327032,0.19473900000000002,310,0.000581488,2189.4482989999997,2189.4531842489864,-0.004885248986738588
225,30.415315000000003,0.183228,310,0.000565174,2208.970495,2208.9749641804874,-0.004469180487376434
226,30.609801,0.169344,310,0.000542688,2233.707088,2233.7114816358044,-0.004393635804262885
227,30.689675,0.17043699999999998,310,0.00054124,2231.681741,2231.685461742703,-0.0037207427030807594
228,30.732339,0.163165,310,0.000542367,2245.098236,2245.10287081164,-0.004634811640244152
229,30.773003000000003,0.164536,310,0.000543663,2242.554166,2242.558366898824,-0.004200898823910393
230,30.477196000000003,0.182452,310,0.000568109,2210.405109,2210.4100959696175,-0.004986969617675641
231,30.285285,0.17324,310,0.000584165,2226.362809,2226.3669737730324,-0.004164773032243829
232,30.02526,0.18571700000000002,310,0.000603055,2205.097114,2205.1009918279597,-0.0038778279595135245
233,29.763706,0.20694,310,0.000622651,2170.790479,2170.7950705381,-0.004591538100157777
234,29.791352000000003,0.18799100000000002,310,0.000623562,2201.212078,2201.2157138621533,-0.00363586215325995
235,29.479414000000002,0.199881,310,0.000650673,2182.306087,2182.310493506551,-0.004406506551276834
236,29.423983000000003,0.21421300000000001,310,0.000648555,2160.2160440000002,2160.2196597718194,-0.0036157718191134336
237,29.538208,0.196517,310,0.000646284,2187.52351,2187.5275943373695,-0.004084337369476998
238,29.582294,0.220097,310,0.000645664,2151.009168,2151.0126004901595,-0.0034324901594118273
239,29.234948,0.223095,310,0.000671125,2147.484859,2147.4882772704427,-0.0034182704425802513
240,29.193957,0.21629400000000001,310,0.000682192,2157.776543,2157.7800765524835,-0.003533552483531821
241,29.431765999999996,0.21109499999999998,310,0.0006530409999999999,2165.1224,2165.1262960910103,-0.0038960910101195623
242,29.607166999999997,0.221865,310,0.00063077,2147.39196,2147.395331224133,-0.003371224132934003
243,29.616477000000003,0.207787,310,0.000633671,2169.7956719999997,2169.799723243268,-0.0040512432683499355
244,29.421052000000003,0.208235,310,0.000659695,2169.575699,2169.579394862693,-0.00369586269289357
245,29.638624,0.22743400000000003,310,0.0006386709999999999,2139.164753,2139.1680684562434,-0.0033154562433992396
246,29.688792,0.20831,310,0.0006327290000000001,2168.943385,2168.946137747846,-0.002752747845988779
247,29.654605,0.222842,310,0.000631355,2145.882717,2145.8864050871207,-0.0036880871207358723
248,29.606394,0.215191,310,0.0006320459999999999,2158.034196,2158.03831652769,-0.004120527689792652
249,29.781083000000002,0.207896,310,0.000621046,2169.193465,2169.196930356643,-0.0034653566431188665
250,29.580211,0.20864499999999997,310,0.0006360230000000001,2168.5116350000003,2168.5148210273755,-0.003186027375249978
251,29.509094,0.20762399999999998,310,0.0006370859999999999,2170.143209,2170.1471093027635,-0.003900302763668151
252,29.419303000000003,0.222004,310,0.000635647,2147.4841899999997,2147.4877102662176,-0.00352026621794721
253,29.57275,0.19683,310,0.0006138640000000001,2186.9094370000003,2186.9130892731237,-0.0036522731234072126
254,29.796843,0.192448,310,0.0005931,2193.739218,2193.743197529927,-0.003979529926709802
255,29.675907000000002,0.19755,310,0.000598281,2185.325929,2185.3291189624993,-0.003189962499163812
256,29.60995,0.199035,310,0.000597146,2182.800126,2182.8033439727437,-0.0032179727436414396
257,29.492974,0.199875,310,0.000598123,2181.432659,2181.4366128425854,-0.0039538425853606896
258,29.840715999999997,0.193984,310,0.000567879,2190.094358,2190.0984090236498,-0.004051023649935814
259,29.591726,0.191237,310,0.000595605,2195.831075,2195.8345671483653,-0.0034921483652397
260,29.529790000000002,0.20435699999999998,310,0.00060896,2174.4531460000003,2174.456979897471,-0.003833897470485681
261,29.388424,0.208308,310,0.000628126,2168.796856,2168.800157232869,-0.0033012328690347204
262,28.957358000000003,0.199127,310,0.0006633289999999999,2183.332823,2183.3364407201543,-0.0036177201541249815
263,29.034292999999998,0.202717,310,0.000647054,2177.935513,2177.9384309234956,-0.002917923495715513
264,29.130306,0.185859,310,0.000647808,2203.962488,2203.965195364215,-0.002707364214984409
265,29.336665000000004,0.20755300000000002,310,0.000633671,2170.166662,2170.169000044637,-0.0023380446368719277
266,29.495061,0.21133600000000002,310,0.000623763,2163.783,2163.786878369277,-0.0038783692771175993
267,29.956615000000003,0.185823,310,0.0005852180000000001,2204.837366,2204.8408992152295,-0.003533215229253983
268,29.876063000000002,0.185669,310,0.000586641,2205.1177829999997,2205.1207572758503,-0.0029742758506472455
269,30.239182,0.173189,310,0.000557529,2226.7550699999997,2226.757641652811,-0.0025716528111843218
270,30.36573,0.19888499999999998,310,0.000556296,2180.560889,2180.564233662331,-0.0033446623310737778
271,30.384092,0.17649,310,0.0005623249999999999,2220.877636,2220.881462227633,-0.00382622763299878
272,30.350023999999998,0.193603,310,0.000571796,2190.970816,2190.9738525622347,-0.0030365622346835153
273,30.156260999999997,0.18566,310,0.000593447,2205.186282,2205.18986835656,-0.003586356559935666
274,30.010440999999997,0.20854099999999998,310,0.000612981,2167.789988,2167.792442767248,-0.002454767247854761
275,29.95161,0.19650399999999998,310,0.000614343,2187.44989,2187.451939958074,-0.0020499580741670798
276,29.741226,0.196419,310,0.000636946,2187.73279,2187.7353659878054,-0.0025759878053577268
277,30.098509000000004,0.184096,310,0.00059969,2207.807576,2207.8106381570237,-0.003062157023578038
278,30.377740000000003,0.202443,310,0.000564513,2174.91741,2174.919939011679,-0.0025290116791438777
279,30.17452,0.177629,310,0.000586461,2218.826226,2218.8281006816756,-0.0018746816754173778
280,29.999565999999998,0.199543,310,0.000601526,2182.117828,2182.1203015615483,-0.0024735615484132722
281,29.74117,0.20687600000000003,310,0.000629055,2171.104953,2171.1081989999698,-0.0032459999697493913
282,29.739379,0.20710900000000002,310,0.0006299529999999999,2170.7618079999997,2170.764911126381,-0.0031031263811200915
283,29.532551,0.196271,310,0.0006536830000000001,2187.8137469999997,2187.8168176583777,-0.003070658377964719
284,29.264943,0.211927,310,0.000683427,2164.1795309999998,2164.1821787725376,-0.0026477725377844763
285,29.281609999999997,0.217942,310,0.0006847800000000001,2155.395908,2155.397916739156,-0.0020087391558263334
286,29.199704999999998,0.223592,310,0.0006877939999999999,2147.2138170000003,2147.2164840470255,-0.0026670470251701772
287,28.796546999999997,0.209103,310,0.0007228919999999999,2167.61192,2167.6143741415813,-0.002454141581438307
288,28.841169,0.20717399999999997,310,0.0007244089999999999,2170.2303239999997,2170.2331195984216,-0.0027955984219261154
289,29.018134000000003,0.217443,310,0.00070887,2156.197671,2156.199583773798,-0.0019127737982671533
290,29.317001,0.21534099999999998,310,0.0006764410000000001,2159.116151,2159.1177795709254,-0.0016285709252770175
291,29.377190999999996,0.199782,310,0.0006750910000000001,2182.144993,2182.147737874498,-0.0027448744981484197
292,28.992877000000004,0.213858,310,0.000710653,2161.2331010000003,2161.23509825718,-0.001997257179937151
293,29.297576,0.211548,310,0.000684934,2164.733306,2164.7349733799742,-0.0016673799741511175
294,29.779606,0.21967899999999999,310,0.000643339,2151.54631,2151.5487000363923,-0.0023900363921711687
295,29.843581,0.21225700000000003,310,0.000640686,2162.998739,2163.0002068644385,-0.0014678644383820938
296,29.986279999999997,0.199318,310,0.000624264,2183.0600449999997,2183.06136886966,-0.0013238696601547417
297,30.043762,0.21594000000000002,310,0.000621872,2156.292194,2156.294394828802,-0.002200828801960597
298,30.349608,0.192893,310,0.000592424,2192.973541,2192.9753239953448,-0.001782995344910887
299,30.086227,0.200318,310,0.000623441,2181.442191,2181.4448411925127,-0.002650192512646754
300,29.974397999999997,0.21895,310,0.000641063,2152.569897,2152.572205848832,-0.0023088488319444878
301,30.042440999999997,0.19732,310,0.000639727,2186.313766,2186.316956185094,-0.003190185093899345
302,30.23297,0.20163599999999998,310,0.000622227,2179.300978,2179.303986923967,-0.0030089239667177026
303,29.997326,0.205686,310,0.000646711,2173.343073,2173.345718835171,-0.0026458351708242844
304,30.209359000000003,0.202566,310,0.000622458,2177.8129480000002,2177.815104942126,-0.0021569421255662746
305,30.534478000000004,0.192935,310,0.000594224,2192.947618,2192.9504720550167,-0.002854055016541679
306,30.686542,0.197215,310,0.000573595,2184.761695,2184.7648594402776,-0.0031644402774873015
307,30.937769,0.190361,310,0.00054329,2195.026057,2195.028878687185,-0.0028216871851327596
308,30.855377,0.20638299999999998,310,0.0005454269999999999,2165.8075559999997,2165.8095750357447,-0.002019035744979192
309,30.778551,0.17322,310,0.000556858,2226.697847,2226.700980015194,-0.0031330151941801887
310,30.860977000000002,0.190911,310,0.0005478680000000001,2194.34932,2194.3515672664403,-0.002247266440463136
311,31.12882,0.185607,310,0.000522847,2202.309507,2202.3113946375397,-0.0018876375397667289
312,30.858721999999997,0.167614,310,0.0005477,2236.873743,2236.875814944163,-0.0020719441627079505
313,31.042928000000003,0.183551,310,0.0005337229999999999,2207.013319,2207.0151777778638,-0.0018587778636174335
314,30.945869000000002,0.17241800000000002,310,0.00054811,2228.10634,2228.1080963550166,-0.0017563550168233633
315,30.844040999999997,0.175453,310,0.000560182,2222.7136170000003,2222.7156261026394,-0.002009102639021876
316,31.106227,0.173746,310,0.000533972,2225.3903609999998,2225.3933414354515,-0.002980435451718222
317,31.165244,0.180574,310,0.00053305,2212.5547109999998,2212.5569639007836,-0.0022529007837874815
318,31.004427000000003,0.175637,310,0.0005457099999999999,2222.183532,2222.1862788376293,-0.0027468376292745234
319,31.011872999999998,0.167748,310,0.0005440999999999999,2236.645704,2236.6490317020584,-0.0033277020584137063
320,30.973806,0.171452,310,0.000547296,2229.862566,2229.8660006360496,-0.0034346360498602735
321,31.230715999999997,0.16059600000000002,310,0.000523105,2250.143114,2250.146128489673,-0.0030144896732053894
322,31.328721999999996,0.155915,310,0.000508197,2259.312526,2259.3141413357903,-0.001615335790120298
323,31.349439,0.162267,310,0.000510426,2246.849587,2246.8526968571264,-0.00310985712621914
324,31.684365000000003,0.160183,310,0.00048122999999999997,2250.152868,2250.1552223722824,-0.0023543722822978452
325,31.56884,0.146281,310,0.000495318,2278.741266,2278.7444587672835,-0.0031927672835081466
326,31.570256,0.157721,310,0.000496732,2255.668425,2255.6709058895017,-0.002480889501839556
327,31.529713,0.16918,310,0.000497877,2232.668735,2232.6716480866903,-0.0029130866901141417
328,31.181539,0.162998,310,0.000529057,2245.550374,2245.552517526187,-0.002143526186955569
329,30.950084000000004,0.169022,310,0.000556147,2234.245415,2234.247727153826,-0.002312153826096619
330,31.023172,0.190572,310,0.000549199,2195.0587370000003,2195.061130997513,-0.002393997512626811
331,30.756258000000003,0.193304,310,0.000572034,2191.506487,2191.508416034708,-0.001929034707700339
332,30.845436,0.187032,310,0.000561397,2202.09313,2202.0965071908868,-0.003377190886567405
333,30.603995,0.179305,310,0.0005783530000000001,2215.996514,2215.999810909295,-0.003296909294931538
334,30.553159,0.188067,310,0.000577386,2200.8221710000003,2200.824041530112,-0.0018705301117734052
335,30.729195,0.17971199999999998,310,0.0005547280000000001,2214.9883870000003,2214.9915718122797,-0.003184812279414473
336,30.657902000000004,0.189523,310,0.000556231,2197.386777,2197.38981557006,-0.003038570059743506
337,30.725926,0.187685,310,0.000553923,2200.574299,2200.5772537231933,-0.0029547231933975127
338,30.764344,0.17122300000000001,310,0.000553324,2230.295518,2230.2969680005012,-0.001450000501336035
339,30.663607,0.183625,310,0.0005690580000000001,2208.364251,2208.3669687489296,-0.0027177489296263957
340,30.522899,0.203846,310,0.0005797760000000001,2173.6684760000003,2173.6705252328416,-0.0020492328412728966
341,30.454087,0.19379100000000002,310,0.000592518,2191.459672,2191.462229115413,-0.0025571154128556373
342,30.136585999999998,0.199458,310,0.000624319,2182.834739,2182.837941282761,-0.0032022827613218396
343,30.343871000000004,0.202562,310,0.000606664,2177.315086,2177.3167449848347,-0.001658984834648436
344,30.116224,0.193098,310,0.00063297,2192.983009,2192.986169535414,-0.0031605354138264374
345,30.233084,0.232158,310,0.000616447,2129.643332,2129.645884721405,-0.0025527214047542657
346,29.840238,0.208855,310,0.000653515,2168.5606559999997,2168.563442630149,-0.002786630149330449
347,29.549902000000003,0.217683,310,0.0006856830000000001,2155.783851,2155.7862586678493,-0.002407667849183781
348,29.537478999999998,0.24049099999999998,310,0.000688105,2122.6617730000003,2122.66451866653,-0.002745666529790469
349,29.531467,0.233663,310,0.00068674,2132.526003,2132.528027252517,-0.002024252517003333
350,29.447515000000003,0.24398000000000003,310,0.0006886660000000001,2117.6281010000002,2117.6302745517073,-0.002173551707073784
351,29.567010999999997,0.22460300000000002,310,0.000672211,2145.277843,2145.280749092621,-0.0029060926212878258
352,29.256155,0.21562199999999998,310,0.0006977310000000002,2158.819986,2158.822332614638,-0.002346614638099709
353,29.029426,0.20836,310,0.000721543,2168.680566,2168.6823481949677,-0.001782194967745454
354,29.516844,0.219254,310,0.0006708689999999999,2153.2035149999997,2153.2051094452286,-0.0015944452288749744
355,29.769616999999997,0.203271,310,0.000638052,2176.990479,2176.993148423788,-0.0026694237881201843
356,29.840646999999997,0.211206,310,0.000625056,2164.0521949999998,2164.0537885479644,-0.0015935479646032036
357,29.814716999999998,0.215137,310,0.0006245210000000001,2157.733503,2157.7353506793297,-0.0018476793297850236
358,29.972272999999998,0.191435,310,0.0006070019999999999,2195.65871,2195.6610787499258,-0.0023687499256084266
359,30.073766,0.183538,310,0.000594824,2208.761345,2208.7630762911376,-0.0017312911377302953
360,30.263327,0.200542,310,0.00057991,2179.374417,2179.377563998717,-0.0031469987170567038
361,30.314204999999998,0.202653,310,0.000578249,2175.621312,2175.6227316602153,-0.0014196602151059778
362,30.199653,0.201178,310,0.00059174,2178.9540309999998,2178.956003750266,-0.0019727502663045016
363,30.274408,0.200734,310,0.000589408,2179.586292,2179.5882775514583,-0.0019855514583468903
364,30.063653000000002,0.198676,310,0.0006085950000000001,2183.773456,2183.7761955706123,-0.0027395706124480057
365,29.870016999999997,0.202414,310,0.000624493,2178.1044469999997,2178.1071311083847,-0.0026841083849831193
366,30.067446,0.190605,310,0.000607296,2197.0282429999997,2197.0303600010175,-0.0021170010177229415
367,30.027138,0.21057800000000002,310,0.000606733,2164.10594,2164.107718164068,-0.0017781640681278077
368,30.014246000000004,0.195641,310,0.0006049310000000001,2188.685025,2188.6879957952506,-0.0029707952503486013
369,30.280563,0.183597,310,0.000582106,2208.6183309999997,2208.620286145453,-0.001955145453393925
370,30.271148999999998,0.202523,310,0.000580605,2176.005224,2176.0082559142406,-0.0030319142406369792
371,30.311958,0.19664700000000002,310,0.000578928,2186.041145,2186.0443188632803,-0.003173863280153455
372,30.081263,0.184352,310,0.0006062719999999999,2207.3348920000003,2207.337253832926,-0.0023618329255441495
373,30.110533,0.188318,310,0.000604926,2200.790998,2200.793497858976,-0.0024998589760798495
374,30.029451,0.201551,310,0.0006078,2179.0221469999997,2179.0242393360786,-0.002092336078931112
375,30.060584999999996,0.21191999999999997,310,0.000605835,2161.835052,2161.8373083100482,-0.0022563100483239396
376,29.774746,0.207425,310,0.000636341,2170.437923,2170.4410116821737,-0.003088682173711277
377,30.084197999999997,0.202562,310,0.00060711,2177.3326850000003,2177.3342151372008,-0.0015301372004614677
378,30.083033,0.207017,310,0.00060914,2170.096283,2170.0977140557934,-0.0014310557935459656
379,30.06261,0.20637399999999997,310,0.000611867,2171.2769350000003,2171.278550645228,-0.0016156452275026822
380,29.770575,0.200623,310,0.0006373790000000001,2181.137029,2181.138429610086,-0.0014006100859660364
381,29.606513,0.21655700000000003,310,0.0006613239999999999,2157.005777,2157.0085316916293,-0.0027546916294340917
382,29.583954,0.20801999999999998,310,0.000664111,2169.932215,2169.933844489308,-0.0016294893080157635
383,29.631086,0.20774,310,0.000661412,2170.3396190000003,2170.3414235111886,-0.001804511188311153
384,29.900896999999997,0.20950700000000003,310,0.000631377,2167.006645,2167.0084050399428,-0.0017600399428374658
385,29.563409000000004,0.215023,310,0.000664584,2159.39626,2159.3986464549125,-0.002386454912539193
386,29.784483,0.201746,310,0.000644107,2179.425359,2179.4276464850004,-0.0022874850005791814
387,29.615034,0.21632600000000002,310,0.00066759,2157.502355,2157.5046887051853,-0.0023337051852649893
388,29.619184999999998,0.223762,310,0.000665633,2146.289163,2146.290751357803,-0.001588357803029794
389,29.596078000000002,0.22178299999999998,310,0.00066372,2149.194207,2149.1957336598093,-0.0015266598093148787
390,29.244687,0.227198,310,0.0006956739999999999,2142.182066,2142.183861067635,-0.0017950676351574657
391,29.200445000000002,0.23021799999999998,310,0.0006977589999999999,2137.901881,2137.9038962400236,-0.002015240023865772
392,28.757417999999998,0.221808,310,0.000736947,2149.919059,2149.921650368038,-0.00259136803833826
393,28.7363,0.236294,310,0.000734673,2130.228842,2130.230464657952,-0.001622657951884321
394,29.016137,0.22989600000000002,310,0.0007107239999999999,2138.666461,2138.668469087079,-0.002008087079047982
395,29.254651000000003,0.238773,310,0.0006817980000000001,2124.8040739999997,2124.8057705545652,-0.0016965545655693859
396,28.918981,0.22638000000000003,310,0.000712889,2143.638138,2143.639980215872,-0.0018422158723296889
397,29.0113,0.24205300000000002,310,0.000710565,2121.554927,2121.556527434242,-0.0016004342419364548
398,29.394308000000002,0.243141,310,0.000675422,2117.9439620000003,2117.945385592128,-0.00142359212759402
399,29.170340999999997,0.225399,310,0.000704553,2144.919281,2144.92146052551,-0.0021795255102006195
400,28.956633,0.24208600000000002,310,0.0007297860000000001,2122.206983,2122.2090813565346,-0.0020983565345886745
401,29.170565999999997,0.223023,310,0.000708798,2148.3249760000003,2148.327430012359,-0.00245401235861209
402,28.758906,0.211436,310,0.00074754,2163.634595,2163.637286420573,-0.0026914205732282426
403,28.886989,0.22823000000000002,310,0.0007289680000000001,2141.190734,2141.1922045046986,-0.0014705046987728565
404,28.778874,0.23188899999999998,310,0.0007443810000000001,2136.270726,2136.27323333277,-0.0025073327697100467
405,28.529548,0.22500100000000003,310,0.0007691089999999999,2145.1121,2145.1141510407974,-0.0020510407975962153
406,28.218835,0.24826399999999998,310,0.000797596,2115.118969,2115.12186344572,-0.0028944457199031604
407,28.417371999999997,0.261305,310,0.0007710600000000001,2097.983753,2097.9857614527714,-0.002008452771406155
408,28.860351,0.250983,310,0.0007304389999999999,2110.046339,2110.0480300758445,-0.0016910758445192187
409,28.494237,0.23897,310,0.000762228,2126.931071,2126.9326084362892,-0.0015374362892544013
410,28.478533000000002,0.23274499999999998,310,0.000760873,2135.105355,2135.1072491952064,-0.0018941952062050404
411,28.494027000000003,0.246652,310,0.0007633789999999999,2116.87189,2116.874402269168,-0.0025122691681644937
412,28.804038000000002,0.224755,310,0.000737078,2145.920041,2145.9218227670904,-0.0017817670905060368
413,28.861576,0.230239,310,0.0007350519999999999,2138.472191,2138.4739332144914,-0.00174221449151446
414,29.170599,0.201818,310,0.000707112,2178.3011149999998,2178.30364124751,-0.00252624751010444
415,29.153283000000002,0.21856599999999998,310,0.000705035,2154.617912,2154.619885779894,-0.001973779893887695
416,28.810699,0.228773,310,0.00073795,2140.468883,2140.4707983423395,-0.001915342339543713
417,28.642120000000002,0.24167199999999997,310,0.0007520510000000001,2123.262777,2123.264068589824,-0.0012915898241772084
418,28.858774,0.237269,310,0.000724667,2128.6939079999997,2128.695132185375,-0.0012241853751220333
419,28.879773999999998,0.238862,310,0.000722964,2126.448142,2126.4498148202397,-0.001672820239491557
420,29.028304,0.26261599999999996,310,0.000708143,2092.410129,2092.4119732056174,-0.0018442056175445032
421,29.308889,0.224216,310,0.000684402,2146.223893,2146.226177337374,-0.002284337374021561
422,29.596386,0.20185699999999998,310,0.000657149,2179.258734,2179.260732496455,-0.00199849645514405
423,29.266712,0.211544,310,0.000694042,2164.697678,2164.698833251485,-0.0011552514852155582
424,29.56496,0.205825,310,0.00066898,2173.229004,2173.230222507492,-0.0012185074920125771
425,29.311813,0.21244899999999997,310,0.000687926,2163.415874,2163.4173361549156,-0.0014621549157709524
426,29.344797999999997,0.222098,310,0.000686239,2149.356948,2149.3585896253826,-0.0016416253824900195
427,29.068811,0.214679,310,0.000720022,2159.9486850000003,2159.950383691427,-0.0016986914265544328
428,29.220962,0.222989,310,0.000699567,2148.28682,2148.287925840532,-0.0011058405320909515
429,28.898387,0.222512,310,0.0007284030000000001,2149.03766,2149.0397672744075,-0.002107274407535442
430,28.356213,0.23664200000000002,310,0.0007835969999999999,2129.880049,2129.8819729506067,-0.0019239506068515766
431,28.312071999999997,0.260844,310,0.000785423,2099.047464,2099.0485532092566,-0.0010892092564063205
432,27.810621,0.275005,310,0.0008369730000000001,2082.875686,2082.8775036616144,-0.0018176616144955915
433,27.785077,0.263681,310,0.000840659,2096.425293,2096.4263267031474,-0.001033703147641063
434,27.810096,0.248709,310,0.0008425269999999999,2114.202463,2114.2040284888835,-0.0015654888834433223
435,27.407322999999998,0.269609,310,0.000877254,2089.542799,2089.544079029245,-0.001280029245208425
436,27.463755,0.293462,310,0.000874269,2062.2670239999998,2062.268017807273,-0.0009938072730619751
437,27.841751000000002,0.26945399999999997,310,0.0008436299999999999,2089.5926050000003,2089.594241462074,-0.0016364620737476798
438,27.711574,0.26711999999999997,310,0.000861106,2092.428682,2092.4307278057618,-0.0020458057615542202
439,27.923733000000002,0.275411,310,0.000837946,2082.413128,2082.414340475016,-0.0012124750160182884
440,27.486824,0.276409,310,0.0008819660000000001,2081.813972,2081.815341818695,-0.0013698186949113733
441,27.086601,0.272173,310,0.000917657,2086.321092,2086.322988448509,-0.0018964485088872607
442,27.085359000000004,0.290732,310,0.0009200699999999999,2066.1144670000003,2066.115474333021,-0.0010073330208797415
443,27.540012,0.26105300000000004,310,0.000878996,2099.270908,2099.272016431345,-0.0011084313450737682
444,27.759925,0.26546,310,0.000858139,2094.361508,2094.362586471385,-0.0010784713849716354
445,27.475786,0.286396,310,0.000886717,2070.56525,2070.56620395965,-0.0009539596499053005
446,27.797966,0.255774,310,0.0008532090000000001,2105.71266,2105.7136581093673,-0.0009981093671740382
447,27.840784999999997,0.25659699999999996,310,0.00085092,2104.772018,2104.772845278383,-0.0008272783829852415
448,28.287067999999998,0.26314099999999996,310,0.0008020489999999999,2096.5736859999997,2096.5753510463687,-0.0016650463689984463
449,28.647762,0.250487,310,0.000767599,2111.9448420000003,2111.9456519866794,-0.0008099866790871602
450,28.398111,0.246298,310,0.000791147,2117.584489,2117.5863050708053,-0.0018160708054892893
451,28.401835,0.262427,310,0.000789258,2097.1448960000002,2097.146615340458,-0.0017193404578392801
452,28.087844,0.24547,310,0.00082742,2118.337016,2118.3378825414193,-0.0008665414193274046
453,28.125482,0.262803,310,0.000826035,2097.374855,2097.3764265098093,-0.0015715098093096458
454,27.950608000000003,0.2671,310,0.00084478,2092.39133,2092.39327220288,-0.0019422028799453983
455,27.823179,0.27255,310,0.0008566050000000001,2086.084643,2086.086404666499,-0.0017616664990782738
456,28.091040999999997,0.24989899999999998,310,0.0008251439999999999,2113.004504,2113.00592798824,-0.0014239882398214831
457,28.082855,0.26204,310,0.0008281839999999999,2098.3166899999997,2098.317821699718,-0.0011316997183712374
458,27.822498,0.268025,310,0.000849685,2091.333466,2091.3351063242926,-0.0016403242925662198
459,27.85975,0.281088,310,0.0008469380000000001,2075.8905210000003,2075.892036243109,-0.001515243108769937
460,28.288235999999998,0.249486,310,0.000809141,2113.596764,2113.5978155668863,-0.0010515668864172767
461,28.038933,0.24409,310,0.0008389619999999998,2119.767758,2119.7697652037837,-0.002007203783705336
462,27.807502000000003,0.268739,310,0.000867021,2090.55635,2090.5575706622412,-0.001220662241394166
463,27.794311999999998,0.272966,310,0.000865207,2085.669769,2085.6714449126916,-0.0016759126915530942
464,27.501658000000003,0.29589,310,0.000896275,2060.093069,2060.094189746966,-0.0011207469660803326
465,27.326964,0.27065,310,0.000910313,2088.092455,2088.0941460370473,-0.0016910370472942304
466,27.356323,0.28708,310,0.0009072389999999999,2070.023859,2070.025458428237,-0.001599428237113898
467,27.011652,0.298078,310,0.000941756,2058.3685,2058.3695893337244,-0.001089333724394237
468,27.085294,0.285047,310,0.0009390980000000001,2072.224365,2072.225996868112,-0.0016318681118718814
469,27.629609999999996,0.280961,310,0.0008837639999999999,2076.668993,2076.670922250668,-0.0019292506681267696
470,27.290182,0.280276,310,0.000921659,2077.468576,2077.470098337188,-0.0015223371879073966
471,27.048351,0.317251,310,0.000949978,2038.229611,2038.2317079745699,-0.0020969745698948827
472,27.158379999999998,0.316496,310,0.000937916,2038.701203,2038.7031798915878,-0.00197689158767389
473,27.163331,0.288597,310,0.000940842,2068.438656,2068.440259643099,-0.0016036430993153772
474,26.558929,0.29941100000000004,310,0.0010021930000000002,2056.842862,2056.844848335437,-0.001986335436868103
475,26.522740999999996,0.338665,310,0.0010057830000000001,2017.772325,2017.7744350512558,-0.002110051255840517
476,26.703139,0.323981,310,0.000985795,2032.0639760000001,2032.0654223897473,-0.0014463897471159726
477,27.145874,0.329063,310,0.000939616,2025.376262,2025.3777159598244,-0.001453959824402773
478,27.176733000000002,0.316071,310,0.0009384489999999999,2039.169767,2039.1715929613454,-0.001825961345275573
479,27.398576000000002,0.294135,310,0.000916699,2062.3779600000003,2062.3791272387957,-0.0011672387954604346
480,27.381039,0.284331,310,0.0009141,2073.0712829999998,2073.072293473397,-0.0010104733974003466
481,27.334974,0.288748,310,0.0009162490000000001,2068.251321,2068.2531607190117,-0.0018397190115138073
482,27.818617,0.281449,310,0.0008723860000000001,2075.980864,2075.982179504078,-0.0013155040778656257
483,28.246242,0.250828,310,0.0008293549999999999,2111.84363,2111.8454926435074,-0.0018626435075930203
484,28.063333,0.270119,310,0.00084751,2088.8478170000003,2088.849357918736,-0.0015409187358272902
485,27.545509000000003,0.28278400000000004,310,0.0008987960000000001,2074.729841,2074.7311678294286,-0.0013268294287627214
486,28.198571,0.263971,310,0.000837965,2096.0649280000002,2096.066885316128,-0.0019573161275729944
487,28.559979,0.26871999999999996,310,0.0007981560000000001,2089.492613,2089.4935998837827,-0.0009868837828435062
488,28.545317999999998,0.272287,310,0.0007958069999999999,2084.9295850000003,2084.9312693055263,-0.001684305525941454
489,29.002208000000003,0.243373,310,0.000756285,2121.0725899999998,2121.073585332953,-0.0009953329531526833
490,28.645342,0.224075,310,0.000788805,2145.753097,2145.754025193901,-0.0009281939010179485
491,28.819433,0.23192100000000002,310,0.000768549,2136.121259,2136.122805170189,-0.001546170189158147
492,28.854015000000004,0.224212,310,0.000765187,2146.229836,2146.2306663618515,-0.0008303618515128619
493,29.166552000000003,0.239139,310,0.0007350230000000001,2126.363792,2126.365340973763,-0.0015489737629650335
494,28.780733,0.232717,310,0.0007720439999999999,2135.050251,2135.051309284549,-0.0010582845488897874
495,28.603036,0.24823299999999998,310,0.000785667,2115.104768,2115.1067333441943,-0.0019653441941045457
496,28.67095,0.273762,310,0.0007834189999999999,2082.499748,2082.5017316080584,-0.001983608058253594
497,28.594549,0.24862800000000002,310,0.0007864319999999999,2114.608655,2114.610107829424,-0.0014528294241245021
498,28.358154,0.245065,310,0.000811373,2119.038814,2119.0408472180848,-0.0020332180847617565
499,28.897415000000002,0.24429499999999998,310,0.0007588880000000001,2119.895133,2119.897298464547,-0.00216546454703348
