,logPrior,time_stats,num_coal,theta_root,P_Z_M,P_Z_M0
0,34.330602,0.109446,150,0.00010536399999999999,438.94242599999995,438.94362223674943
1,34.28481,0.356466,150,0.00011104700000000001,-1740.2294160000001,-1740.2405661444407
2,34.329138,0.8025800000000001,150,0.00011104700000000001,-5757.568615,-5757.584573636764
3,34.371503999999995,1.215686,150,0.000115117,-9095.993439,-9096.032199977828
4,34.394748,1.4460549999999999,150,0.000120925,-10501.259029,-10501.256842601426
5,34.412147,1.656698,150,0.000120925,-12243.195773000001,-12243.187791536719
6,34.334818,1.7511560000000002,150,0.00012614299999999997,-12431.636176,-12431.621940885425
7,34.326067,1.8690759999999997,150,0.00012637399999999998,-13339.681786,-13339.624128985324
8,34.333890999999994,2.077706,150,0.00013243100000000002,-14245.620013999998,-14245.580707668638
9,34.251567,2.225077,150,0.00013243100000000002,-15358.433969,-15358.394172793875
10,34.1671,2.2962290000000003,150,0.000132963,-15826.846033000002,-15826.896020767563
11,34.202953,2.270625,150,0.00013336299999999998,-15583.573543,-15583.561786694605
12,34.179666999999995,2.292555,150,0.000139754,-14968.852586,-14968.901309939145
13,34.051893,2.421755,150,0.00014650100000000003,-15102.414599000002,-15102.39419349998
14,33.894186,2.528028,150,0.00015316399999999999,-15083.792313999998,-15083.79452200863
15,33.817515,2.5940819999999998,150,0.000160059,-14792.055422,-14792.068869228395
16,33.643694,2.651698,150,0.00016801200000000002,-14375.12664,-14375.09597460699
17,33.668295,2.705273,150,0.000173202,-14216.017163999999,-14216.048883102183
18,33.546739,2.727061,150,0.00018000900000000002,-13752.262865,-13752.233776485802
19,33.480204,2.827081,150,0.000185883,-13816.357069,-13816.396076574383
20,33.413503999999996,2.895142,150,0.000185883,-14182.505029,-14182.545751369817
21,33.40863,3.037919,150,0.00018633900000000002,-14911.011932,-14911.020460424887
22,33.471804,3.1616020000000002,150,0.00018633900000000002,-15574.765315999999,-15574.773083332599
23,33.358252,3.287414,150,0.00019753799999999998,-15258.557001,-15258.523170055725
24,33.177977,3.376246,150,0.00020467499999999997,-15117.562476,-15117.559156667334
25,33.240185,3.4349269999999996,150,0.00020467499999999997,-15404.263144,-15404.262466793143
26,33.325577,3.507305,150,0.00020523099999999997,-15711.876087999999,-15711.86964064402
27,33.342341,3.4827690000000002,150,0.000205843,-15542.346561000002,-15542.309021329842
28,33.173463,3.5260260000000003,150,0.00021391299999999998,-15111.996475999998,-15111.99497611231
29,33.112491999999996,3.6299870000000003,150,0.00022858400000000002,-14518.827821,-14518.806610286476
30,33.061518,3.719818,150,0.000240117,-14137.552349000001,-14137.55975295523
31,32.969315,3.801607,150,0.00024110400000000004,-14413.999887,-14413.984268344651
32,32.959828,3.796726,150,0.000241588,-14362.516912000001,-14362.492486730773
33,32.868109000000004,3.917575,150,0.000254524,-14046.371921,-14046.381129994295
34,32.822084999999994,4.075923,150,0.000254524,-14668.50737,-14668.514995562968
35,32.780221999999995,4.101668,150,0.000258661,-14514.362078999999,-14514.34039490777
36,32.697859,4.1447389999999995,150,0.000258661,-14680.877687999999,-14680.855640731452
37,32.805488000000004,4.171474,150,0.000258661,-14784.234328,-14784.214863807216
38,32.797123,4.2123870000000005,150,0.000259564,-14886.251008000001,-14886.254581955336
39,32.587652,4.314929,150,0.000273541,-14439.733006,-14439.760025132477
40,32.485801,4.557039,150,0.000275179,-15226.563040000001,-15226.586286180534
41,32.327856,4.67189,150,0.00028536900000000005,-15043.184647,-15043.168637873287
42,32.315017,4.729526,150,0.00028536900000000005,-15245.155606999999,-15245.138718715985
43,32.22159,4.8645510000000005,150,0.000292324,-15316.310162,-15316.337365436075
44,32.251499,4.818427,150,0.000292324,-15158.526364,-15158.553536533896
45,32.104257000000004,4.890126,150,0.000303269,-14805.596659,-14805.60873178356
46,32.063894,4.951621,150,0.000308107,-14754.38927,-14754.37682164299
47,31.842284999999997,5.101296,150,0.00032113,-14574.913936,-14574.932731893108
48,31.754742999999998,5.218886,150,0.00032113,-14941.089606,-14941.108423980428
49,31.724541,5.2688180000000004,150,0.00032113,-15096.579278,-15096.596855456777
50,31.695790000000002,5.365104,150,0.00033585199999999993,-14670.803994999998,-14670.809790218826
51,31.578882,5.468598,150,0.00033615699999999996,-14964.327007,-14964.32596084494
52,31.436916999999998,5.622973,150,0.00034983,-14775.744813999998,-14775.762681898676
53,31.357570000000003,5.730731,150,0.000362709,-14507.544406,-14507.545167587235
54,31.162883,5.864222,150,0.000375689,-14322.278456,-14322.261535691652
55,31.073557,5.993925,150,0.000392424,-13993.641638,-13993.656802740963
56,30.942109000000002,6.171541,150,0.00041290399999999996,-13673.863904,-13673.856441647926
57,30.660073999999998,6.341334,150,0.000436819,-13252.693682,-13252.7037552693
58,30.454052,6.501021,150,0.00045556599999999997,-13012.141851999999,-13012.139161355422
59,30.339907,6.740421,150,0.00045556599999999997,-13537.641327000001,-13537.639308425223
60,30.303876000000002,6.838934,150,0.00045556599999999997,-13753.883078,-13753.882399437281
61,30.035688,7.175383999999999,150,0.00048042999999999995,-13685.230453999999,-13685.2406635072
62,30.024026,7.4839839999999995,150,0.000488145,-14083.767253,-14083.770540584708
63,29.753469,7.540829,150,0.000510387,-13533.698373,-13533.704533031882
64,29.767691999999997,7.710802,150,0.000510387,-13866.726553,-13866.732215947004
65,29.669256,7.877041999999999,150,0.000511387,-14162.570107,-14162.559820801911
66,29.492642,7.963733,150,0.00053465,-13661.156428,-13661.169972179072
67,29.325633000000003,8.113278,150,0.0005534359999999999,-13430.960335,-13430.95384251779
68,29.228357,8.211806,150,0.00057491,-13060.469131,-13060.470804145958
69,29.172721000000003,8.56669,150,0.00057491,-13677.755898,-13677.7569880704
70,29.138108000000003,8.801656,150,0.000576605,-14041.886128999999,-14041.894584679107
71,28.932610999999998,9.270439999999999,150,0.000578566,-14800.913341999998,-14800.917290021222
72,28.608065999999997,9.325175,150,0.000602022,-14273.512626,-14273.503287026022
73,28.349287,9.460141,150,0.0006294,-13820.832972,-13820.82788993466
74,28.12632,9.731351,150,0.0006640619999999999,-13452.73214,-13452.738442000955
75,28.216186999999998,10.076467,150,0.000666771,-13911.401772,-13911.403757522581
76,28.290306,10.429681,150,0.000666771,-14441.139072,-14441.14185351056
77,28.074576,10.411391,150,0.000687097,-13956.292352,-13956.296366276645
78,27.957452000000004,10.524097,150,0.000687097,-14120.324994,-14120.328518942133
79,28.043883,10.689697,150,0.000689268,-14312.80715,-14312.813135903687
80,27.875242999999998,10.930109,150,0.0007142030000000001,-14113.295253,-14113.301219060906
81,27.652452,11.15581,150,0.0007327010000000001,-14038.806306999999,-14038.80879381252
82,27.044371,11.330482,150,0.000783328,-13287.775684,-13287.777654093687
83,26.87267,11.707282000000001,150,0.000786153,-13715.644933000001,-13715.636070398796
84,26.659621,11.899175999999999,150,0.0008183489999999999,-13370.265008,-13370.260905018433
85,26.375653000000003,12.247183999999999,150,0.0008554310000000001,-13153.422795999999,-13153.416872552742
86,26.215057,12.592716000000001,150,0.000879447,-13159.492142000001,-13159.498008415578
87,25.866989,12.75406,150,0.0009056950000000001,-12927.07097,-12927.076300819475
88,25.865285999999998,13.199141000000001,150,0.000910074,-13349.106627,-13349.101380887869
89,25.785933,13.557313,150,0.000922654,-13541.61782,-13541.610786629173
90,25.185391,13.927151,150,0.000982932,-13026.267574,-13026.269605292146
91,25.10377,14.184957,150,0.000984681,-13263.185413,-13263.185951323949
92,25.069801000000002,14.479523,150,0.001002031,-13310.342398,-13310.343667308925
93,24.907483,14.829663,150,0.001003517,-13638.086611,-13638.08112028712
94,24.415976,15.035113,150,0.0010588989999999999,-13067.261106999998,-13067.265968760184
95,23.987021,15.291404,150,0.001098705,-12791.649617000001,-12791.645709750224
96,23.436296,15.556348000000002,150,0.00114908,-12418.798361,-12418.798476515823
97,23.317686,15.708163,150,0.0011519780000000001,-12516.906385,-12516.905266778615
98,23.146933999999998,15.891237,150,0.001154896,-12641.350354,-12641.351914192403
99,23.014097,16.193505,150,0.001158942,-12854.647533,-12854.652894010622
100,22.92052,16.613448,150,0.001160913,-13192.924982999999,-13192.920089049343
101,22.859617,16.829352,150,0.001160913,-13378.902861,-13378.897849656725
102,22.902797,17.151010999999997,150,0.001166402,-13587.151494,-13587.155525366908
103,22.943266,17.342616,150,0.001169308,-13714.843381,-13714.847314527136
104,22.392742000000002,17.40561,150,0.001233963,-12996.859626000001,-12996.854622212675
105,22.494812,17.668018,150,0.0012367360000000002,-13177.742538,-13177.742046313491
106,22.477207,17.89781,150,0.001240963,-13314.761526,-13314.764813849228
107,22.037515,18.263341,150,0.001288495,-13072.052758,-13072.051069908755
108,21.916581,18.502706,150,0.001292373,-13215.184442,-13215.183247554465
109,21.915328,18.886347,150,0.0012974969999999999,-13454.912865,-13454.91528519975
110,21.685568,19.114915,150,0.001323885,-13340.449670999998,-13340.45129869501
111,21.500033,19.485582,150,0.001326409,-13592.714619,-13592.713748626868
112,21.40699,19.459958,150,0.001326409,-13573.396005,-13573.395423736129
113,20.898352,19.700288,150,0.0013824579999999998,-13158.63624,-13158.633248036518
114,20.145287,19.894006,150,0.001446659,-12666.947274,-12666.943073363016
115,19.947367,19.942936,150,0.001472319,-12463.147427,-12463.14523610866
116,20.029619,20.170973,150,0.001472319,-12618.030245999998,-12618.028111355125
117,19.497644,20.391839,150,0.0015117610000000001,-12410.657831,-12410.654073742422
118,18.446312,20.631144,150,0.0016119689999999998,-11730.204414,-11730.205649117164
119,17.932038000000002,20.949662,150,0.0016699360000000001,-11481.972623,-11481.970984544221
120,17.243817,21.457913,150,0.001737398,-11293.324913,-11293.325948029882
121,16.633494,22.391691,150,0.0018028660000000002,-11368.327556999999,-11368.324123386741
122,16.444561,22.961195,150,0.001809385,-11638.867667,-11638.867590508225
123,15.709909,23.52685,150,0.001877508,-11485.245234999999,-11485.248448091397
124,14.744728,24.176928,150,0.0019831289999999997,-11153.868072,-11153.869758846202
125,14.614823999999999,24.734095999999997,150,0.001986237,-11415.542589,-11415.54245606006
126,14.507723,24.835863,150,0.001986237,-11466.778498,-11466.778537152097
127,14.709469,25.028268,150,0.001986237,-11563.647719,-11563.647641896396
128,13.729420999999999,24.97529,150,0.002076282,-10998.30413,-10998.303985648574
129,13.751560000000001,25.279591,150,0.00208048,-11120.599134999999,-11120.59990448344
130,12.990115,25.577555,150,0.0021519670000000003,-10860.48622,-10860.485186729584
131,12.921449,26.225264000000003,150,0.002159753,-11118.078409,-11118.078178376349
132,12.705817999999999,26.600188,150,0.0021683020000000004,-11243.7063,-11243.706812510489
133,12.817661,26.957717,150,0.0021683020000000004,-11408.595009,-11408.595744033868
134,12.063172,27.707494,150,0.002255219,-11267.794359,-11267.795542400856
135,10.855464,28.103385,150,0.0023820060000000003,-10788.258168,-10788.256839741525
136,10.35305,28.937594,150,0.0024185210000000003,-10957.33245,-10957.3340229238
137,8.87932,29.243946,150,0.002577184,-10349.115653,-10349.117234587935
138,7.302163,29.773411,150,0.002741581,-9871.088152,-9871.086973545785
139,6.443329,30.516427,150,0.00283765,-9770.429273,-9770.430497605528
140,5.154923,30.967957000000002,150,0.002952396,-9511.35168,-9511.350452947703
141,5.120217,31.863328999999997,150,0.0029592090000000004,-9790.118390000001,-9790.118507455685
142,3.8385910000000005,32.126919,150,0.003077867,-9466.546507,-9466.546698031361
143,3.7396220000000002,32.76805,150,0.003077867,-9674.850314,-9674.850370672186
144,2.026455,33.352059000000004,150,0.0032407090000000005,-9327.827543000001,-9327.826741256233
145,1.530772,34.260934000000006,150,0.00327592,-9496.271151,-9496.270399352537
146,0.178282,35.002943,150,0.0034238349999999996,-9267.792646,-9267.793612995274
147,0.078055,35.596021,150,0.0034238349999999996,-9441.012755,-9441.013993066159
148,-1.683355,36.730564,150,0.0035856499999999997,-9295.173884,-9295.172835218798
149,-1.7337939999999998,37.260037,150,0.003598903,-9405.123598,-9405.124109848417
150,-1.6638369999999998,38.189156,150,0.003598903,-9663.290691,-9663.291390266922
151,-3.4553160000000003,38.54675,150,0.003770184,-9283.036243999999,-9283.03632276043
152,-3.5936269999999997,39.482483,150,0.0037780659999999996,-9509.694954999999,-9509.694659117944
153,-4.6872370000000005,40.066503000000004,150,0.003880097,-9389.405013,-9389.403799032541
154,-4.814008,40.517546,150,0.003880097,-9505.650467,-9505.649088776585
155,-6.637946,41.296124,150,0.004056117000000001,-9251.095625,-9251.094997580623
156,-6.684402,42.23745,150,0.004067922,-9453.38739,-9453.387544052066
157,-8.167275,42.746371999999994,150,0.004208684,-9232.143768,-9232.144549862316
158,-8.072611,43.295025,150,0.004208684,-9362.505943,-9362.506677311183
159,-9.276987,43.608492,150,0.004333945,-9141.9147,-9141.914215827359
160,-9.274132,44.447676,150,0.004341958,-9316.895801,-9316.89509556394
161,-10.339189999999999,45.17942,150,0.00444781,-9241.40431,-9241.404005738408
162,-12.156443,45.745556,150,0.00463827,-8952.650120999999,-8952.649115134158
163,-12.421613,46.766409,150,0.004654829,-9137.408795000001,-9137.409056745262
164,-14.877781,46.799068,150,0.004888295,-8671.590303,-8671.590790142023
165,-16.454202,47.429173,150,0.005042915,-8507.672653,-8507.672810521795
166,-18.1579,48.353572,150,0.005217618,-8375.035861,-8375.03607709943
167,-17.995059,48.975165000000004,150,0.005217618,-8494.1694,-8494.169559082973
168,-20.749043,49.475403,150,0.005485355,-8134.721901000001,-8134.7213081657
169,-23.030767,50.056956,150,0.005728311,-7860.196726,-7860.1969993658695
170,-25.752670000000002,50.529913,150,0.006007898,-7539.407552,-7539.406910104815
171,-29.098407,51.522081,150,0.006346406,-7255.356531,-7255.35630933381
172,-31.366396,52.71415699999999,150,0.006557805999999999,-7180.346453,-7180.346157106718
173,-31.499976,53.82118199999999,150,0.006557805999999999,-7349.156793000001,-7349.156426882922
174,-34.03792,54.72594399999999,150,0.006800216,-7195.084704000001,-7195.085096599916
175,-37.320873999999996,55.751743000000005,150,0.007114248000000001,-6990.811984999999,-6990.811486249184
176,-39.717104,57.13129300000001,150,0.007358407,-6923.325676,-6923.325551766057
177,-41.987528999999995,58.235624,150,0.007582817,-6843.693388,-6843.693202576753
178,-42.102405,59.118795999999996,150,0.007582817,-6960.1635590000005,-6960.163374545824
179,-45.764629,59.385037,150,0.007959073,-6632.312278,-6632.312218190074
180,-46.041853,61.008188,150,0.007989669000000001,-6807.471226000001,-6807.4713209642705
181,-48.690003000000004,62.20979499999999,150,0.008238419,-6727.366843000001,-6727.367139548479
182,-52.39203,63.457025,150,0.008614239999999999,-6549.4034679999995,-6549.403368520271
183,-56.889841000000004,64.196929,150,0.009073164,-6266.135867,-6266.1360186411
184,-60.212088,64.458337,150,0.009401115,-6052.445788,-6052.445477116586
185,-63.245608,65.644665,150,0.009695037,-5971.562358,-5971.562339884223
186,-65.974278,66.853799,150,0.009959241,-5917.380518,-5917.3801190766235
187,-67.53798499999999,68.21463299999999,150,0.010127215,-5942.922751,-5942.922733404985
188,-70.70974100000001,70.020914,150,0.010457840999999999,-5907.509516,-5907.50946982831
189,-70.961869,71.47899,150,0.01049046,-6026.148414,-6026.148174623431
190,-70.884889,72.162454,150,0.01049046,-6091.299403,-6091.299178487895
191,-70.979947,72.116178,150,0.01049046,-6086.888165,-6086.887932460553
192,-74.814728,72.508687,150,0.010882722,-5880.675878,-5880.675560454305
193,-80.09829599999999,72.799538,150,0.011396744,-5612.612354,-5612.612602833745
194,-80.255028,73.180074,150,0.011396744,-5646.002296,-5646.002490331437
195,-80.171315,73.826945,150,0.011396744,-5702.76151,-5702.761771754271
196,-80.235105,75.430681,150,0.011412122,-5834.764167,-5834.764140843112
197,-80.34910699999999,75.574479,150,0.011412122,-5847.3645719999995,-5847.36460200187
198,-88.140574,76.177764,150,0.012171503,-5493.427639,-5493.427447823185
199,-95.275453,77.265194,150,0.012900107,-5232.950245,-5232.9502140844925
200,-99.634622,78.320256,150,0.013332261,-5122.884397999999,-5122.8842976418555
201,-99.547439,79.69264100000001,150,0.013332261,-5225.821558,-5225.821451362443
202,-99.4411,80.43952900000001,150,0.013332261,-5281.842636,-5281.842556859853
203,-99.928894,80.557019,150,0.013367998,-5274.903635000001,-5274.903621682075
204,-99.960003,81.687035,150,0.013367998,-5359.435092000001,-5359.435052641295
205,-104.60978,82.341049,150,0.013813529,-5214.610764,-5214.6107427545185
206,-107.926355,83.566684,150,0.01412382,-5173.763661,-5173.7637387722025
207,-108.38875,83.877156,150,0.014171712,-5176.184532,-5176.184365592275
208,-108.29324299999999,84.013997,150,0.014171712,-5185.840467,-5185.840291425371
209,-115.888295,84.250525,150,0.014940981000000002,-4904.369282,-4904.369244209947
210,-115.95974299999999,85.52848,150,0.014940981000000002,-4989.9028,-4989.902784477485
211,-118.430043,85.803914,150,0.015178639999999998,-4920.786098,-4920.786215429283
212,-123.985025,86.54122,150,0.015717551,-4779.105945,-4779.1057726077115
213,-132.830189,87.364971,150,0.016616166,-4539.25072,-4539.2507368897595
214,-134.847382,88.124941,150,0.016836504999999998,-4517.555896,-4517.555859388245
215,-135.037228,88.329976,150,0.016836504999999998,-4529.733904,-4529.733861889357
216,-135.183192,89.449274,150,0.016848761,-4592.458866,-4592.458828132873
217,-135.112867,89.66747,150,0.016848761,-4605.40915,-4605.409097888613
218,-142.058234,89.11610300000001,150,0.017544793000000003,-4368.925901,-4368.925857304515
219,-142.592226,89.582977,150,0.017590507,-4382.657236999999,-4382.657282289341
220,-142.769375,90.007427,150,0.017590507,-4406.786725999999,-4406.786774406879
221,-152.64857800000001,90.11824200000001,150,0.018592745,-4145.237762,-4145.2376968468625
222,-152.978646,90.7858,150,0.018635133999999998,-4170.376662,-4170.37655109744
223,-153.187337,91.165883,150,0.018635133999999998,-4190.772682,-4190.772594399302
224,-157.476172,92.131765,150,0.019087983,-4128.912845000001,-4128.912866096167
225,-158.045512,92.688965,150,0.019126109,-4148.723554,-4148.723599579807
226,-163.088689,92.892717,150,0.019625312,-4039.6994240000004,-4039.699258206622
227,-169.723663,93.800361,150,0.020301497,-3931.835492,-3931.835539973322
228,-177.97075,94.665163,150,0.021131307999999998,-3797.3314020000003,-3797.331438686424
229,-178.767538,95.517259,150,0.021197702000000002,-3823.968097,-3823.9680684229515
230,-179.207726,95.965323,150,0.021254359,-3833.4379630000003,-3833.4379540753525
231,-188.212242,96.886391,150,0.022169078,-3695.008627,-3695.0086138588704
232,-197.82817,98.299971,150,0.023141982999999998,-3578.8020439999996,-3578.801946329203
233,-205.07893,99.404309,150,0.023875761,-3499.1927939999996,-3499.1927565106416
234,-205.89584299999999,100.71651,150,0.023945492999999998,-3542.3055229999995,-3542.3054187227754
235,-216.84731000000002,101.658919,150,0.025050137,-3401.214622,-3401.214610350661
236,-230.419958,102.49855500000001,150,0.026396861,-3233.8341530000002,-3233.8341115592775
237,-231.024003,103.30920400000001,150,0.026452177999999996,-3256.673888,-3256.6738294534034
238,-231.103935,103.7867,150,0.026452177999999996,-3274.7251969999998,-3274.725121864939
239,-231.231338,104.705763,150,0.026452177999999996,-3309.4695079999997,-3309.4694442417203
240,-231.39410299999997,104.717434,150,0.026452177999999996,-3309.910743,-3309.9106555476474
241,-231.69116,105.995254,150,0.026492239,-3352.385152,-3352.3850724738377
242,-232.152262,106.10117199999999,150,0.026554546,-3347.338369,-3347.338297495812
243,-233.19752999999997,106.625699,150,0.026637501000000004,-3355.054387,-3355.054306784071
244,-234.146394,106.224947,150,0.026714821,-3328.9027300000002,-3328.9026473133536
245,-248.056124,107.00425700000001,150,0.028087888,-3169.7882219999997,-3169.7881443535357
246,-248.665274,107.63509099999999,150,0.028148604999999997,-3184.305471,-3184.3054720318205
247,-249.665977,107.98127099999999,150,0.028263061,-3181.6775820000003,-3181.6774677114963
248,-262.02992,108.687377,150,0.029477373999999997,-3054.553959,-3054.5539217448195
249,-262.01153500000004,108.568482,150,0.029477373999999997,-3050.520535,-3050.520489187361
250,-261.893738,108.482123,150,0.029477373999999997,-3047.590846,-3047.590818450748
251,-263.738528,109.138232,150,0.029630805,-3051.456016,-3051.456029826866
252,-272.697838,109.615108,150,0.030543355,-2961.573296,-2961.573227865039
253,-286.31674300000003,110.44003700000002,150,0.031879487,-2843.456914,-2843.4568554605485
254,-299.417832,110.955097,150,0.033197897999999997,-2727.470211,-2727.4702167626806
255,-308.01145299999996,110.737219,150,0.03407099,-2639.322426,-2639.322396592397
256,-308.845167,111.15926999999999,150,0.03416597700000001,-2643.056979,-2643.056901743967
257,-320.23147,112.067727,150,0.035282717000000005,-2570.651911,-2570.6518782755347
258,-320.059748,112.508893,150,0.035282717000000005,-2583.155662,-2583.155620546857
259,-320.16336,113.141077,150,0.035282717000000005,-2601.07333,-2601.0732882820257
260,-332.752364,113.10883700000001,150,0.036530903,-2495.839248,-2495.839197577647
261,-332.926187,113.528718,150,0.036530903,-2507.3330899999996,-2507.3330552575408
262,-340.83833,113.78855700000001,150,0.037345405,-2449.818738,-2449.818672671944
263,-354.930277,115.11958500000001,150,0.038773191000000005,-2377.57508,-2377.5750791648106
264,-371.543477,115.04868799999998,150,0.040415678,-2261.382415,-2261.3824081837524
265,-382.565689,116.283496,150,0.041502861,-2220.547787,-2220.5477808562378
266,-382.362635,116.527732,150,0.041502861,-2226.432589,-2226.432579978881
267,-382.503173,116.377293,150,0.041502861,-2222.8078140000002,-2222.8077937261937
268,-397.35458900000003,118.111297,150,0.042970361,-2172.6102100000003,-2172.610169726298
269,-397.325248,119.25270900000001,150,0.042970361,-2199.1729739999996,-2199.172944006924
270,-398.359668,120.862903,150,0.043076634,-2230.076577,-2230.076529584183
271,-398.153914,120.96803100000001,150,0.043076634,-2232.517062,-2232.5170173901706
272,-418.213375,121.26706000000001,150,0.045105799,-2119.718937,-2119.7189007995867
273,-425.40894000000003,121.936752,150,0.045815760999999997,-2095.017511,-2095.017473863686
274,-448.77716200000003,122.135999,150,0.048140580999999995,-1978.0529809999998,-1978.0529403154426
275,-477.204003,122.282349,150,0.051005404000000004,-1847.093468,-1847.093452374433
276,-478.744296,121.989999,150,0.051150962999999994,-1834.983182,-1834.983145469339
277,-498.06487699999997,123.05504199999999,150,0.053074460999999996,-1774.154918,-1774.1548862424572
278,-526.540478,124.085458,150,0.055904699,-1683.0009710000002,-1683.0009512665315
279,-547.748345,123.56828999999999,150,0.058013612,-1598.9541880000002,-1598.954154470001
280,-547.9387690000001,123.76093,150,0.058013612,-1602.2747769999999,-1602.2747544698768
281,-550.231634,123.874633,150,0.058229039999999996,-1596.890917,-1596.8908900974575
282,-550.470625,124.168423,150,0.058229039999999996,-1601.936333,-1601.9363107329345
283,-584.981634,124.84663,150,0.061658767,-1502.906308,-1502.9062731062572
284,-585.252115,124.61647099999999,150,0.061658767,-1499.173508,-1499.1734868181368
285,-610.181733,125.47292,150,0.06412330299999999,-1440.7303279999999,-1440.7302996650124
286,-648.83659,125.21271100000001,150,0.06801750200000001,-1333.718995,-1333.7189737965145
287,-649.004996,125.22545,150,0.06801750200000001,-1333.9062720000002,-1333.9062638266596
288,-648.860881,126.524047,150,0.06801750200000001,-1352.99838,-1352.9983645627321
289,-676.1592870000001,126.779453,150,0.070758916,-1290.466379,-1290.4663515461918
290,-678.002069,128.845986,150,0.070912977,-1316.041886,-1316.0418490237305
291,-678.16412,128.275688,150,0.070912977,-1307.999665,-1307.999625665938
292,-680.4025330000001,128.15816999999998,150,0.07117292700000001,-1300.290516,-1300.2904852675135
293,-688.3659230000001,128.493311,150,0.07197438599999999,-1286.575619,-1286.5756041914335
294,-699.202129,129.44458500000002,150,0.073069183,-1275.110257,-1275.1102247517101
295,-715.6053410000001,130.46996000000001,150,0.074689286,-1253.701511,-1253.7014827667372
296,-764.456881,130.939001,150,0.079596066,-1161.452986,-1161.4529571449923
297,-764.652495,131.49245200000001,150,0.079596066,-1168.4062279999998,-1168.4062027991183
298,-787.209245,131.34831200000002,150,0.081852366,-1125.300051,-1125.3000168961842
299,-817.9994889999999,131.742358,150,0.084951173,-1076.977085,-1076.9770583958036
300,-817.911743,131.829591,150,0.084951173,-1078.003951,-1078.0039188489252
301,-861.489244,131.791271,150,0.08929135099999999,-1009.619407,-1009.6193810543107
302,-861.1970689999999,133.463347,150,0.08929135099999999,-1028.345475,-1028.3454500551036
303,-865.5581970000001,133.726373,150,0.08970327300000001,-1025.104337,-1025.1043063149534
304,-868.6528720000001,134.472127,150,0.089984774,-1029.198291,-1029.1982644159912
305,-868.364924,134.220238,150,0.089984774,-1026.399042,-1026.3990241800818
306,-869.9036869999999,134.481414,150,0.09011524800000001,-1027.355027,-1027.3549976589006
307,-869.721122,134.741985,150,0.09011524800000001,-1030.246558,-1030.2465282908752
308,-902.970509,134.71096699999998,150,0.09344960499999999,-982.01397,-982.0139472329279
309,-902.7528779999999,134.23376000000002,150,0.09344960499999999,-976.907395,-976.9073766915119
310,-905.633583,134.781264,150,0.093758109,-978.5148529999999,-978.5148289613217
311,-908.4949119999999,135.728042,150,0.094062125,-984.419658,-984.4196322126859
312,-911.543999,136.160814,150,0.094349809,-985.06485,-985.0648220146129
313,-911.879185,136.713401,150,0.094349809,-990.921638,-990.9216118253905
314,-914.3911810000001,137.75786399999998,150,0.09460397000000001,-998.472667,-998.4726452860916
315,-914.1564,137.942515,150,0.09460397000000001,-1000.424495,-1000.4244766944353
316,-988.755778,139.156881,150,0.10204421899999999,-917.367545,-917.3675267663017
317,-991.757248,139.885332,150,0.102334446,-921.0443849999999,-921.0443598162635
318,-995.751116,140.752467,150,0.10272763500000001,-924.8287550000001,-924.82873238588
319,-995.617605,139.984373,150,0.10272763500000001,-917.35176,-917.3517375149285
320,-1059.874611,140.663427,150,0.10912977800000001,-852.700827,-852.7007955519291
321,-1059.8465199999998,140.827731,150,0.10912977800000001,-854.2064039999999,-854.2063791150149
322,-1096.798757,140.704693,150,0.11284856300000001,-815.616912,-815.616881017498
323,-1094.376787,140.615777,150,0.11258377900000001,-817.407193,-817.4071717935232
324,-1097.033003,141.206432,150,0.112859464,-819.956661,-819.9566355379732
325,-1071.051614,141.50133300000002,150,0.110272665,-848.503067,-848.5030475445793
326,-1070.943376,141.117184,150,0.110272665,-845.019442,-845.0194190315655
327,-1119.166811,141.907411,150,0.11511246000000001,-804.523038,-804.5230087965167
328,-1074.208277,140.73531499999999,150,0.11059339600000001,-838.29089,-838.2908747397729
329,-1076.798248,140.873973,150,0.110866449,-836.777312,-836.777284668357
330,-1092.016689,141.647747,150,0.112378271,-828.600187,-828.600162615892
331,-1089.415672,141.42658,150,0.112113977,-829.245652,-829.2456328313274
332,-1090.681499,140.410194,150,0.11220827199999998,-819.253651,-819.2536371355227
333,-1088.766672,140.113297,150,0.112017821,-818.475898,-818.4758832521654
334,-1121.281661,141.131179,150,0.11525548699999999,-796.444594,-796.4445708482319
335,-1066.0906929999999,141.769505,150,0.109711512,-856.745426,-856.7454123929119
336,-1066.426004,141.20028200000002,150,0.109711512,-851.5570650000001,-851.5570507558944
337,-1063.076204,140.231148,150,0.109404845,-845.886527,-845.8865076131676
338,-1062.818772,139.99321799999998,150,0.109404845,-843.711758,-843.7117410386161
339,-1058.545884,140.693654,150,0.10898352600000001,-854.506747,-854.5067219425157
340,-1058.293635,140.754783,150,0.10898352600000001,-855.067644,-855.0676232295598
341,-1104.050391,139.836088,150,0.113533141,-801.355245,-801.3552278624109
342,-1089.961415,139.37364499999998,150,0.11213465000000002,-810.732987,-810.7329626226708
343,-1089.786205,139.44082,150,0.11213465000000002,-811.332042,-811.3320192033086
344,-1095.4413949999998,140.943797,150,0.11269251899999999,-819.257566,-819.2575513290211
345,-1094.101545,141.13318,150,0.11255007,-822.333441,-822.3334196399466
346,-1099.5130060000001,141.827772,150,0.113070318,-823.3986070000001,-823.3985938617989
347,-1049.505029,140.775196,150,0.10807748099999999,-864.831477,-864.8314624923321
348,-1077.443253,141.635663,150,0.110865958,-843.652633,-843.6526164635588
349,-1112.362955,142.332745,150,0.11436688099999999,-815.304023,-815.3040056886282
350,-1107.8132640000001,143.05013200000002,150,0.11394043300000001,-825.697757,-825.6977307407456
351,-1115.477441,141.97421699999998,150,0.114702638,-808.975053,-808.9750364966094
352,-1094.477252,142.51038,150,0.112611498,-833.960918,-833.960904755849
353,-1099.397129,142.78982299999998,150,0.11309576199999999,-831.6566849999999,-831.6566645210326
354,-1069.553659,143.312894,150,0.110129098,-866.429881,-866.4298667764524
355,-1121.023065,142.79208899999998,150,0.115283275,-810.592795,-810.5927818101073
356,-1079.42699,143.904979,150,0.111128393,-861.410977,-861.4109644398709
357,-1144.2119710000002,143.62977,150,0.11759068099999999,-796.384492,-796.3844717523431
358,-1141.2593570000001,142.591698,150,0.11727961599999999,-790.37557,-790.3755566716833
359,-1143.316424,143.426871,150,0.117472846,-795.7321099999999,-795.7320894949853
360,-1085.796141,143.898724,150,0.11174380699999999,-855.051671,-855.051649495749
361,-1083.8595380000002,142.829611,150,0.11153288699999998,-847.6179119999999,-847.6178986698862
362,-1083.98153,143.881568,150,0.11153288699999998,-857.0497230000001,-857.0497086794308
363,-1087.0790849999998,144.189463,150,0.11186448599999999,-856.423376,-856.4233587569786
364,-1089.168335,143.785127,150,0.11205809099999998,-850.8475189999999,-850.8474981140466
365,-1086.209466,143.307128,150,0.111755635,-849.6375859999999,-849.6375754718194
366,-1086.1446310000001,142.872587,150,0.111755635,-845.749272,-845.7492614731561
367,-1036.3633960000002,143.92763,150,0.10678388300000001,-908.326082,-908.3260673421374
368,-1036.45481,143.289209,150,0.10678388300000001,-902.3474539999999,-902.3474403989686
369,-1085.9091640000001,143.522326,150,0.111719591,-851.9291609999999,-851.9291379351829
370,-1089.635655,144.07618100000002,150,0.11210131,-853.007015,-853.0069955674436
371,-1089.535775,144.185321,150,0.11210131,-853.9805980000001,-853.9805791946104
372,-1103.929375,142.194512,150,0.11354275500000001,-822.034894,-822.0348813052877
373,-1102.5696560000001,141.650104,150,0.11341773100000001,-818.450112,-818.4500952665329
374,-1104.4968210000002,141.485035,150,0.113620659,-815.03486,-815.0348343604335
375,-1055.222021,140.933278,150,0.108699658,-859.6913199999999,-859.6913037392222
376,-1033.9976060000001,141.966153,150,0.1065678,-892.3492960000001,-892.349278483633
377,-1062.3712460000002,142.76976399999998,150,0.109397305,-869.169995,-869.1699837145146
378,-1073.352694,141.566022,150,0.11049004800000001,-846.859325,-846.8593138832997
379,-1076.1084740000001,142.548481,150,0.11078507500000001,-852.715418,-852.7154006020216
380,-1042.733206,143.772695,150,0.10743161300000001,-899.664593,-899.6645752024845
381,-1064.130354,143.460488,150,0.109586386,-873.4802869999999,-873.4802735467742
382,-1065.784165,143.010266,150,0.10972823000000001,-867.8789859999999,-867.8789725294968
383,-1052.593556,142.43715500000002,150,0.10837958699999999,-876.953995,-876.9539773699598
384,-1099.358933,141.62069499999998,150,0.11304388900000001,-821.824971,-821.8249560897573
385,-1102.234306,142.187928,150,0.113341824,-823.9312610000001,-823.9312477507146
386,-1075.4622140000001,141.91773600000002,150,0.110641645,-848.488326,-848.4883080775501
387,-1115.880351,143.540377,150,0.114679694,-822.8495019999999,-822.8494882860366
388,-1112.810583,144.291558,150,0.114369673,-832.404334,-832.4043176212242
389,-1114.605558,143.746257,150,0.114531618,-826.071538,-826.0715178333863
390,-1111.225423,142.901318,150,0.11419948899999999,-821.887292,-821.8872799407495
391,-1079.637348,142.70538,150,0.11104364800000001,-851.4818539999999,-851.481842483408
392,-1077.554195,141.239588,150,0.11083248000000001,-840.419583,-840.4195708115387
393,-1074.81325,142.100311,150,0.11055487900000001,-851.028763,-851.028749078323
394,-1072.940167,140.928997,150,0.11035912499999999,-842.429192,-842.4291777371484
395,-1073.304691,140.128752,150,0.11035912499999999,-835.177917,-835.1778969753625
396,-1076.0988550000002,141.41045400000002,150,0.11064688000000002,-843.8500369999999,-843.8500249465445
397,-1076.214685,140.943492,150,0.11064688000000002,-839.6297480000001,-839.6297342343254
398,-1078.247377,140.667048,150,0.11085378000000001,-835.03873,-835.0387133456586
399,-1078.1782970000002,141.419073,150,0.11085378000000001,-841.822668,-841.8226498068238
400,-1074.282403,139.692277,150,0.110426432,-830.542796,-830.5427830793182
401,-1076.564345,139.678887,150,0.11067439500000001,-827.9239980000001,-827.9239895049091
402,-1076.6797490000001,139.59472399999999,150,0.11067439500000001,-827.163538,-827.1635335747003
403,-1079.5803349999999,140.049812,150,0.110962509,-828.379813,-828.379802279836
404,-1090.029906,140.431263,150,0.1119922,-821.566914,-821.5669052879655
405,-1117.960139,140.348874,150,0.11478695499999998,-794.016419,-794.0164122859082
406,-1108.135036,142.056499,150,0.11379392399999999,-818.389304,-818.3892927079439
407,-1070.2538539999998,141.354376,150,0.109968366,-850.303003,-850.3029846635642
408,-1096.878439,141.290249,150,0.112654498,-822.7044070000001,-822.7043948665306
409,-1092.9323570000001,140.935478,150,0.11225215499999999,-823.502612,-823.5026012760584
410,-1095.372611,141.009076,150,0.11251252199999999,-821.598836,-821.598820466882
411,-1097.962442,141.499177,150,0.112800757,-823.125009,-823.1249982050404
412,-1095.026883,140.995082,150,0.112490461,-821.690799,-821.6907897177905
413,-1064.742013,141.24048200000001,150,0.109483527,-854.292244,-854.2922362612578
414,-1060.798639,140.41925600000002,150,0.109100181,-850.771749,-850.7717361295402
415,-1099.826751,141.45027199999998,150,0.11298869199999999,-820.855403,-820.8553894786439
416,-1103.9982710000002,141.288025,150,0.113373325,-815.686861,-815.6868448683675
417,-1104.3067429999999,140.78239299999998,150,0.113373325,-811.2269769999999,-811.2269597939902
418,-1104.5993349999999,140.354365,150,0.113373325,-807.451588,-807.4515743583071
419,-1102.835954,140.948881,150,0.11323100999999999,-814.069607,-814.069601082836
420,-1106.58692,141.600114,150,0.11362159999999999,-816.038609,-816.038590506861
421,-1072.662053,141.67441599999998,150,0.110227281,-850.53988,-850.5398692929738
422,-1074.6591310000001,142.153463,150,0.110404467,-853.057075,-853.0570701843144
423,-1135.212583,141.713563,150,0.11650123100000001,-789.962499,-789.9624872138702
424,-1138.039389,142.366655,150,0.11681309499999999,-792.706876,-792.7068615822932
425,-1141.017951,143.022224,150,0.117139876,-795.322448,-795.3224385257927
426,-1143.97178,143.684345,150,0.11745412699999999,-798.094904,-798.0948935007251
427,-1141.422269,144.447264,150,0.11721791699999999,-806.7666519999999,-806.7666420157941
428,-1136.037073,142.804901,150,0.11670810900000002,-797.423413,-797.4233932450848
429,-1138.006427,143.03721299999998,150,0.11692018699999998,-797.463195,-797.4631843604111
430,-1139.867931,142.531341,150,0.117125911,-791.259079,-791.2590590441844
431,-1136.145348,142.421992,150,0.116736573,-793.881519,-793.8815071967017
432,-1072.298053,141.88155600000002,150,0.11036122599999999,-851.0390199999999,-851.0390056896923
433,-1072.441626,142.907547,150,0.11036122599999999,-860.335683,-860.3356675444635
434,-1070.5318029999999,141.724824,150,0.11018163400000001,-851.467735,-851.4677205147984
435,-1098.709208,141.74594299999998,150,0.112994414,-823.416287,-823.4162768131528
436,-1102.240691,142.45461,150,0.113351619,-826.1885139999999,-826.1885020850018
437,-1099.226546,142.973286,150,0.113041724,-833.811501,-833.8114908307839
438,-1095.320659,141.945414,150,0.11265865900000001,-828.4791150000001,-828.4790994375273
439,-1145.275114,142.003803,150,0.117680593,-781.749132,-781.7491188176634
440,-1113.2196099999999,141.33907299999998,150,0.11444958,-805.830999,-805.8309795949663
441,-1112.02275,141.112827,150,0.114346597,-804.8295820000001,-804.8295677704612
442,-1112.787485,139.885203,150,0.11444923800000001,-793.131047,-793.131035290176
443,-1112.904983,140.69966399999998,150,0.11444923800000001,-800.2474030000001,-800.2473867332499
444,-1116.147207,140.804317,150,0.114802189,-797.841285,-797.841267843113
445,-1075.355156,139.973466,150,0.11071572199999999,-830.169581,-830.1695750095406
446,-1075.281676,140.114279,150,0.11071572199999999,-831.44143,-831.4414178648852
447,-1079.717158,140.583848,150,0.11115719800000001,-831.236504,-831.2364854584156
448,-1077.559317,140.381619,150,0.11091412399999999,-831.856551,-831.856539815112
449,-1104.144026,140.830201,150,0.11357146,-809.74348,-809.7434726971117
450,-1058.4983619999998,140.874367,150,0.10901864599999998,-855.7968199999999,-855.7968062357636
451,-1103.639195,141.146375,150,0.11353378300000001,-812.890066,-812.8900550251503
452,-1090.309302,140.569551,150,0.112196679,-820.787783,-820.7877723149672
453,-1088.710206,140.161829,150,0.112037186,-818.7188110000001,-818.7187938150685
454,-1093.585834,142.107777,150,0.11249976999999999,-831.490133,-831.4901301554827
455,-1096.154138,143.376217,150,0.11278287000000001,-839.943125,-839.9431100158286
456,-1041.061953,142.128755,150,0.107261727,-886.2203699999999,-886.2203659488621
457,-1055.4893240000001,141.49551,150,0.10870692099999998,-864.786718,-864.7866989825019
458,-1114.2029949999999,141.813311,150,0.114570665,-808.8237,-808.823690642214
459,-1114.031516,141.454272,150,0.114570665,-805.689925,-805.6899128990195
460,-1110.892657,141.39789199999998,150,0.11425793099999998,-808.165808,-808.1658016330064
461,-1064.792995,140.64416200000002,150,0.10965409300000001,-847.080884,-847.0808701616636
462,-1063.131512,140.513585,150,0.10946633099999999,-847.830968,-847.830959140016
463,-1099.14734,140.773869,150,0.113041039,-814.361453,-814.3614451432135
464,-1101.141625,140.5478,150,0.11325145600000001,-810.330453,-810.3304455450555
465,-1099.739106,140.785867,150,0.113106376,-813.834832,-813.8348168549529
466,-1103.312285,140.934609,150,0.11342777100000001,-812.044901,-812.0448902455053
467,-1060.6221699999999,140.871566,150,0.109163635,-854.254233,-854.254226523049
468,-1096.0341130000002,141.98977,150,0.112710659,-828.3605809999999,-828.3605647320599
469,-1119.883795,142.493198,150,0.115072365,-809.990901,-809.990887974983
470,-1115.4684029999999,142.281772,150,0.11463382900000002,-812.31093,-812.3109252610401
471,-1088.3465800000001,142.47811000000002,150,0.11194444800000002,-840.322324,-840.3223130543007
472,-1084.8954509999999,142.96768600000001,150,0.11160091600000001,-848.165973,-848.1659601261701
473,-1085.760271,143.02933000000002,150,0.111681586,-847.9009880000001,-847.9009711028197
474,-1083.337314,142.534475,150,0.11147243800000001,-845.583426,-845.5834084938838
475,-1086.425907,142.258317,150,0.11175923800000001,-840.21652,-840.2165130183494
476,-1113.314715,141.35001599999998,150,0.11448279500000001,-805.611806,-805.6117958750377
477,-1115.9778800000001,141.07898899999998,150,0.114744461,-800.77666,-800.776643381394
478,-1114.3620349999999,141.155209,150,0.11458218099999999,-802.970881,-802.9708714240727
479,-1112.003917,140.417517,150,0.11434169999999999,-798.79503,-798.7950130504555
480,-1112.2407369999999,140.752739,150,0.11434169999999999,-801.726779,-801.7267693563349
481,-1113.761727,141.92255600000001,150,0.11451463099999999,-810.309972,-810.3099613049119
482,-1062.590669,140.86683100000002,150,0.109363103,-852.131101,-852.1310841849199
483,-1067.980297,142.026285,150,0.109900152,-857.121572,-857.1215648040318
484,-1112.953235,143.459875,150,0.11440448099999999,-824.796446,-824.7964370873011
485,-1098.18211,143.85623700000002,150,0.11293950999999999,-842.638383,-842.6383787394631
486,-1098.0964880000001,143.695358,150,0.11293950999999999,-841.213916,-841.2139082419372
487,-1093.5633269999998,142.33570600000002,150,0.112479512,-833.717043,-833.717025763159
488,-1096.30693,142.749909,150,0.11276598800000001,-834.556935,-834.5569228327658
489,-1093.054932,141.98793999999998,150,0.112428079,-831.134104,-831.1340946926962
490,-1088.858357,141.686181,150,0.11203123599999999,-832.383771,-832.383760873439
491,-1032.938527,141.578645,150,0.10643933199999998,-890.1355800000001,-890.1355696089411
492,-1091.2078880000001,142.176344,150,0.11225249099999998,-834.55354,-834.5535323721247
493,-1088.856142,141.96903799999998,150,0.11200731800000001,-835.147154,-835.1471413581426
494,-1092.571357,141.25663799999998,150,0.112354196,-825.357088,-825.357075811788
495,-1112.391184,139.686015,150,0.114357473,-792.249708,-792.2496957540532
496,-1115.486312,140.52897,150,0.114689743,-796.49599,-796.4959760144102
497,-1096.960754,140.598481,150,0.11284391499999999,-814.720839,-814.7208304950435
498,-1078.068166,140.359046,150,0.110948191,-831.310533,-831.3105188906233
499,-1079.924246,141.507174,150,0.11112817,-839.8363449999999,-839.8363296952477
