,logPrior,time_stats,num_coal,theta_root,P_Z_M,P_Z_M0
0,32.562577000000005,0.106217,150,0.00010478399999999999,709.054909,464.8377454840685
1,32.549146,0.245574,150,0.000105067,-565.207129,-859.1996500349132
2,32.429278000000004,0.34832199999999996,150,0.00010539700000000001,-1442.61297,-1827.2183396110718
3,32.381046000000005,0.434468,150,0.00010571700000000002,-2161.515149,-2632.5431085118253
4,32.332118,0.5055310000000001,150,0.000108954,-2697.165099,-3167.197392879125
5,32.275563,0.593291,150,0.000114609,-3217.2587550000003,-3711.5830829162696
6,32.275563,0.808178,150,0.000114609,-5077.688008,-5586.540546989771
7,32.206685,0.748841,150,0.00011977,-4268.982489999999,-4793.862614904713
8,32.08846,0.8395540000000001,150,0.000123443,-4807.704349000001,-5347.2153540108375
9,32.035967,0.8971979999999999,150,0.000123443,-5253.782846,-5814.183914399032
10,31.868078000000004,0.9530200000000001,150,0.000123728,-5633.88414,-6248.955238205585
11,31.812196000000004,0.976834,150,0.00012408999999999999,-5762.775815,-6418.832420044948
12,31.63226,0.972167,150,0.000130973,-5358.438745,-5977.602015461041
13,31.53329,0.993677,150,0.000130973,-5480.671975,-6141.834338153505
14,31.51731,1.066366,150,0.00013132200000000001,-5999.612788,-6675.587989928063
15,31.35558,1.177783,150,0.000134561,-6617.858578,-7311.785249884077
16,31.230206,1.270784,150,0.00014065600000000002,-6935.009764,-7600.343492183821
17,31.042328,1.286961,150,0.00014821,-6628.811107,-7256.857313862738
18,30.857487,1.3873280000000001,150,0.00015246200000000002,-7035.9313409999995,-7677.238850251073
19,30.764273,1.440447,150,0.000155843,-7196.954424,-7823.9655045359905
20,30.710732,1.422636,150,0.000156152,-7049.441935,-7691.910381633189
21,30.578588,1.5561690000000001,150,0.000156888,-7831.19863,-8501.011584620666
22,30.421884999999996,1.55633,150,0.000157521,-7757.790342,-8462.77812169298
23,30.325488,1.6277549999999998,150,0.000158037,-8156.245728,-8882.96056544664
24,30.132276,1.57922,150,0.000166522,-7381.536972,-8074.522177040433
25,30.132276,1.727041,150,0.000166522,-8282.72437,-8962.218697620296
26,30.071205,1.743021,150,0.000166522,-8346.128154,-9058.181993761345
27,29.867354,1.8225919999999998,150,0.00017309299999999998,-8447.519145,-9126.32916960073
28,29.703798,1.8328380000000002,150,0.000180144,-8118.786641,-8777.058717095246
29,29.644271999999997,1.879157,150,0.000180144,-8348.304597,-9034.180797208932
30,29.373347999999996,1.882428,150,0.000192482,-7771.371267,-8392.462960076897
31,29.269247999999997,1.901562,150,0.000198865,-7583.203445,-8179.670043948683
32,29.072978000000003,1.972113,150,0.00019931400000000002,-7886.167487000001,-8512.436705603246
33,28.839076000000002,2.142115,150,0.000206546,-8373.45536,-8994.407792580112
34,28.746896999999997,2.197233,150,0.00020691599999999997,-8610.087470999999,-9242.509593928411
35,28.50633,2.2332549999999998,150,0.000207653,-8717.465983,-9378.82629609896
36,28.301151,2.2481419999999996,150,0.000215821,-8406.682645,-9046.56591362396
37,28.095839,2.2802290000000003,150,0.000230338,-7952.845584999999,-8539.124691052397
38,27.809601,2.40815,150,0.00023734900000000003,-8211.251219,-8790.160770234164
39,27.645807,2.497309,150,0.00024779800000000003,-8181.848218000001,-8728.596474814065
40,27.321935999999997,2.5905080000000003,150,0.000258934,-8126.957396,-8661.698121647443
41,27.176392,2.626318,150,0.000258934,-8257.236648,-8799.99591181791
42,26.995206,2.670026,150,0.000258934,-8405.67986,-8968.795683188222
43,26.710818,2.6847119999999998,150,0.000274818,-7920.445384999999,-8435.172127028538
44,26.34753,2.792902,150,0.000280646,-8102.463656999999,-8620.955481952285
45,26.174322,2.883425,150,0.000281506,-8369.988028,-8912.578907471596
46,26.059587,2.886551,150,0.000282392,-8347.708338,-8891.983210115779
47,25.599953,2.856856,150,0.000290316,-7959.7987650000005,-8514.851666178389
48,25.328517,3.09151,150,0.000290823,-8732.888157,-9304.820067641796
49,24.92184,3.067463,150,0.000305028,-8184.683053,-8738.094408979003
50,24.639064,3.1646330000000003,150,0.00031622599999999996,-8167.749290000001,-8694.67403819185
51,24.513382999999997,3.260077,150,0.000326719,-8166.139216,-8670.295408365855
52,24.231984,3.4400779999999997,150,0.00033376699999999995,-8488.16615,-9002.092631841391
53,24.050635999999997,3.460022,150,0.00033463800000000006,-8514.196788,-9035.255559857138
54,23.790248000000002,3.507972,150,0.00034861,-8271.337856999999,-8764.535010424937
55,23.24277,3.679193,150,0.000365013,-8311.031009,-8788.313106317899
56,23.003308999999998,3.7050389999999997,150,0.000373281,-8164.883334,-8637.654026291833
57,22.847396,3.801883,150,0.00037414699999999997,-8391.906487,-8873.8672750917
58,22.468835000000002,3.8899660000000003,150,0.00038553800000000005,-8338.870394,-8806.605710907545
59,22.468835000000002,4.011808,150,0.00038553800000000005,-8652.429625,-9122.636815493863
60,22.164647,4.124777,150,0.00038553800000000005,-8928.873338,-9415.653327484897
61,21.849772,4.283091000000001,150,0.000400359,-8953.50313,-9420.681517886773
62,21.691761,4.446626,150,0.000400359,-9350.495697,-9829.152415256382
63,21.410087,4.553909,150,0.000400359,-9606.540394,-10097.119414874225
64,21.366495999999998,4.49897,150,0.00040144199999999996,-9442.144767,-9929.984478556824
65,20.790695,4.63157,150,0.00040144199999999996,-9737.4917,-10260.293713763904
66,20.350018,4.658608,150,0.00040520899999999996,-9684.994398,-10221.164671166016
67,20.081664,4.7671660000000005,150,0.00042004,-9562.870659999999,-10079.068181961227
68,19.853635,4.758703,150,0.00042114400000000003,-9503.347571,-10029.615202436538
69,19.744759,4.789956,150,0.00043203199999999995,-9315.617962999999,-9821.016137057675
70,19.128884,4.947604,150,0.000455039,-9135.292025,-9614.681788883947
71,19.055276,5.141419,150,0.000456858,-9517.819814,-9996.223860440443
72,18.95109,5.350624,150,0.00045846800000000007,-9928.273633,-10413.544588956427
73,18.808151000000002,5.469957,150,0.00046001,-10134.87383,-10634.340944078598
74,18.339766,5.45403,150,0.000489629,-9434.773227,-9891.85589840597
75,17.719094000000002,5.658551999999999,150,0.00050887,-9432.414664,-9878.36829899046
76,16.970651,5.851636,150,0.000545845,-9075.713203,-9489.37696421156
77,16.910273,5.998449,150,0.0005474480000000001,-9309.325755,-9726.60336956866
78,16.559564,6.114908,150,0.000578381,-8970.109531999999,-9350.192826479977
79,16.268732,6.249639,150,0.000578381,-9200.820757,-9583.137892102812
80,16.231545999999998,6.297063,150,0.0005793930000000001,-9265.012353,-9646.37798350269
81,15.743829000000002,6.348132,150,0.0005793930000000001,-9335.6498,-9734.520228921603
82,15.523597,6.478937999999999,150,0.0005793930000000001,-9556.768188,-9960.28408868518
83,15.012241,6.5631960000000005,150,0.000598971,-9350.657151000001,-9740.435346891229
84,14.623560999999999,6.589513,150,0.000629496,-8896.665493999999,-9258.358043571607
85,14.283271,6.822844,150,0.000629496,-9257.569184,-9629.021240796053
86,13.999778,6.858484,150,0.000651623,-8970.948356,-9320.85441391148
87,13.158453,7.0977809999999995,150,0.0006892910000000001,-8772.386868000001,-9101.27076615028
88,13.158453,7.327845,150,0.0006892910000000001,-9105.559113,-9435.039812895415
89,12.832898,7.526086,150,0.0006892910000000001,-9385.695459999999,-9722.64113077132
90,12.310964,7.870336,150,0.000717572,-9456.629899,-9778.091118057195
91,11.992627,8.324163,150,0.000739034,-9763.861713,-10078.075375698478
92,11.659296000000001,8.56832,150,0.000739034,-10088.864123000001,-10408.448538502895
93,11.156785000000001,8.593303,150,0.0007580889999999999,-9841.901983,-10153.801856910513
94,10.582133,8.939478999999999,150,0.0007580889999999999,-10288.838776,-10610.444810442352
95,9.278116,9.217685000000001,150,0.0007980989999999999,-10068.257259999998,-10375.58710696262
96,8.051142,9.372138,150,0.0008464080000000001,-9613.509004000001,-9907.6887794085
97,7.730228,9.669399,150,0.000848151,-9935.867702,-10235.72324939492
98,7.414683,10.071235,150,0.000849842,-10376.658131999999,-10686.173510119741
99,6.825732,10.145536,150,0.000885995,-10000.604829,-10292.716223842406
100,6.279018,10.349869,150,0.000885995,-10227.125031,-10523.341678839333
101,5.814499,10.622832,150,0.000904139,-10300.84353,-10593.862603434305
102,5.814499,10.577767,150,0.000904139,-10247.259366,-10544.01960363007
103,4.718733,10.571454,150,0.0009580529999999999,-9616.782605,-9887.747014621533
104,3.9745489999999997,10.871161,150,0.000959798,-9901.740679,-10180.21909407398
105,3.630703,11.186855,150,0.000962862,-10190.531976,-10472.524645896534
106,2.700788,11.508984,150,0.0009649980000000001,-10485.207333,-10780.953251692375
107,2.379427,11.542904,150,0.000997134,-10156.254426000001,-10435.515162126774
108,1.2716049999999999,11.658626,150,0.001039625,-9816.399120999999,-10079.954553136013
109,1.203893,11.893874,150,0.001041566,-10023.251936,-10285.196027217686
110,0.9047629999999999,12.072513,150,0.0010455969999999999,-10140.917907,-10412.600689106242
111,0.7712060000000001,12.187818,150,0.00104941,-10208.901235,-10481.070506556915
112,0.646817,12.437807000000001,150,0.001051825,-10419.000621,-10692.421182708174
113,-0.168457,12.623141,150,0.001051825,-10583.161965000001,-10868.62349773206
114,-0.399393,12.686781,150,0.001054457,-10610.22408,-10899.395912510532
115,-0.950659,12.86229,150,0.001054454,-10768.935997,-11065.875099590108
116,-1.307101,13.058327,150,0.001054454,-10946.142855,-11251.788377931318
117,-2.07137,13.040208999999999,150,0.001057872,-10885.009455,-11195.134188799102
118,-3.287717,12.937261999999999,150,0.0010935019999999999,-10405.39277,-10704.308871161948
119,-3.9734730000000003,13.383304999999998,150,0.001097205,-10764.827597,-11071.41352481653
120,-4.6945,13.580604999999998,150,0.001101735,-10883.128755,-11200.959757643406
121,-5.333291,13.855782000000001,150,0.001105299,-11089.185324,-11410.659210998552
122,-6.374078,13.910410999999998,150,0.001105299,-11131.171665,-11460.08384632347
123,-7.09974,13.758229,150,0.0011219799999999999,-10815.466303,-11139.583645777802
124,-7.526932,13.862656,150,0.0011219799999999999,-10904.459765000001,-11232.65749736161
125,-9.294636,14.104875,150,0.001160327,-10715.839173,-11038.118190457286
126,-10.368141,14.043882,150,0.00121726,-10126.236006000001,-10426.645303501953
127,-11.069007000000001,14.199806,150,0.001267546,-9818.572011,-10098.023240921604
128,-12.742974,14.570739000000001,150,0.001333115,-9567.999448999999,-9832.836389382139
129,-12.675192,14.644897,150,0.001333115,-9619.528384000001,-9888.463998403116
130,-13.349232999999998,15.199231,150,0.0013381620000000002,-9986.557178000001,-10261.848391301966
131,-14.779182999999998,15.248798,150,0.0013881210000000002,-9633.205568000001,-9894.265348013543
132,-14.075002,15.488385000000001,150,0.0013881210000000002,-9810.185589,-10066.863414032283
133,-15.722714000000002,15.997875,150,0.0013920249999999999,-10138.464931999999,-10401.99844938503
134,-16.130594,16.159873,150,0.0013920249999999999,-10248.259329,-10518.37423286593
135,-17.938812,16.477892,150,0.00150338,-9639.062483,-9881.585547221346
136,-19.720379,16.756941,150,0.0015931410000000002,-9219.129584,-9447.89900230056
137,-20.597867,17.279783,150,0.001659637,-9132.549444,-9347.63909182435
138,-21.767087,17.515403,150,0.001659637,-9270.107204,-9489.609896283398
139,-24.160735,18.01375,150,0.0017312279999999998,-9135.009121,-9347.375654938034
140,-25.747574,18.844419,150,0.001817074,-9123.141619,-9320.198105904708
141,-27.037657,19.330882,150,0.0018590610000000002,-9157.088468,-9351.072083345001
142,-29.359921000000003,19.925296,150,0.001934038,-9072.381734,-9261.238665032852
143,-31.430424,20.365996,150,0.0020596959999999997,-8686.769995,-8856.113396254264
144,-32.262394,20.951448000000003,150,0.0020988129999999997,-8784.956534,-8953.592925097424
145,-36.110023999999996,21.615347,150,0.002208359,-8602.980742,-8766.669985270779
146,-35.787119,22.623859,150,0.002208359,-9058.263807,-9223.349356695444
147,-36.568964,22.966683,150,0.002208359,-9214.020333,-9378.588609009039
148,-35.620212,23.277604999999998,150,0.002208359,-9355.314602,-9519.381840544309
149,-35.013288,23.691753,150,0.0022115779999999996,-9528.082594,-9691.521712442945
150,-35.300538,23.593562,150,0.0022115779999999996,-9489.350751,-9647.123097517313
151,-37.439756,24.10427,150,0.002365129,-9034.937694,-9180.513952888783
152,-40.379412,24.695814000000002,150,0.002433268,-8999.554992,-9142.48707014069
153,-40.637295,24.990544,150,0.0024413209999999998,-9087.232348,-9230.229788057892
154,-42.059065000000004,25.168004999999997,150,0.0024413209999999998,-9158.851474,-9302.920351896075
155,-44.079826000000004,25.82526,150,0.002445522,-9405.928555,-9554.227372816402
156,-45.798052,25.975422000000002,150,0.002597859,-8868.763476,-9001.84831198585
157,-47.824651,26.890953000000003,150,0.002605202,-9186.607468,-9325.513409636065
158,-48.319215,27.082649,150,0.002605202,-9263.576865,-9399.095419783454
159,-49.821412,27.341452,150,0.002770325,-8756.41932,-8882.111653786029
160,-50.586952000000004,27.946426000000002,150,0.002779432,-8941.563701000001,-9067.92718943939
161,-53.939381000000004,28.599968,150,0.0028988640000000006,-8763.392687,-8885.435122565139
162,-55.680938,28.644403000000004,150,0.003060479,-8277.059064000001,-8387.101269569584
163,-57.589236,29.070434000000002,150,0.003173538,-8088.966287,-8193.35194126914
164,-61.996851,29.947405,150,0.0032910319999999997,-8036.546134,-8138.245147237702
165,-63.405402,30.360466,150,0.0033034420000000006,-8126.175718,-8229.664558910323
166,-66.478853,30.774003000000004,150,0.0033987190000000006,-7997.105794,-8097.963222885283
167,-64.774968,31.509015,150,0.0033987190000000006,-8212.669593,-8314.224702578073
168,-68.123302,32.011311,150,0.0034958840000000003,-8103.973657,-8204.45989389117
169,-71.81707,32.500565,150,0.003645135,-7872.9510040000005,-7970.022151615112
170,-69.848683,33.079454999999996,150,0.003645135,-8033.469505,-8128.833828000212
171,-70.132204,33.733578,150,0.003752643,-7958.96704,-8047.518841652797
172,-71.068875,33.962249,150,0.004001303,-7481.1432780000005,-7555.654989793152
173,-72.140224,34.372976,150,0.0040148910000000005,-7552.67891,-7629.738312715883
174,-72.94979599999999,35.144661,150,0.004022410999999999,-7725.5315200000005,-7805.859682995228
175,-73.482063,35.160123999999996,150,0.004030817000000001,-7708.7065840000005,-7791.788145025721
176,-76.276195,36.395978,150,0.004305272,-7461.366443000001,-7532.656837224751
177,-75.67159699999999,37.297226,150,0.004305272,-7672.16085,-7741.992739811163
178,-77.66762800000001,38.29605,150,0.004472742,-7580.8518540000005,-7646.661685305321
179,-78.084158,38.737805,150,0.004488962,-7647.23389,-7714.676339023567
180,-81.094336,39.020192,150,0.004488962,-7705.018744,-7777.583309499146
181,-81.970493,39.990757,150,0.004632145999999999,-7656.340131,-7723.12866668817
182,-82.431584,40.183155,150,0.004632145999999999,-7696.840623,-7764.6640587073325
183,-83.655556,41.208566999999995,150,0.004632145999999999,-7915.816528,-7986.032728865828
184,-86.733696,41.847156,150,0.004765457,-7807.801651999999,-7875.425781841831
185,-87.595793,43.153079,150,0.004782656,-8050.071818,-8117.44131139471
186,-89.209958,43.75051,150,0.004954654,-7867.493656000001,-7930.098442784504
187,-88.55525,44.236072,150,0.004972267,-7936.032929999999,-7997.006072037247
188,-86.968314,43.902784999999994,150,0.004972267,-7872.227945000001,-7929.97688796487
189,-88.904274,44.228625,150,0.005314195,-7388.817806,-7433.154656356858
190,-91.86277,45.619444,150,0.005314195,-7645.23701,-7694.872376538372
191,-94.468565,46.291721,150,0.005568416999999999,-7387.476061,-7430.695327809901
192,-99.243507,46.604439,150,0.005860262,-7038.365205,-7077.714155665476
193,-102.470157,47.035971,150,0.005873468000000001,-7090.505451999999,-7133.642412289876
194,-109.512702,48.071894,150,0.006079795999999999,-6993.141426,-7037.43711049097
195,-111.888373,49.049591,150,0.00610627,-7117.880958,-7163.922084212445
196,-111.751792,49.651697999999996,150,0.006120196,-7197.660887000001,-7244.366477905891
197,-112.10216399999999,49.997424,150,0.006137741999999999,-7230.537087999999,-7277.931775089215
198,-112.227723,50.867088,150,0.006160248000000001,-7343.117926000001,-7389.8939051591005
199,-112.57671200000001,51.174563,150,0.0063360859999999995,-7172.313459,-7213.487591289022
200,-114.08931899999999,51.483335,150,0.0063360859999999995,-7219.494019,-7262.2198843797405
201,-117.27691000000002,51.72047,150,0.0063360859999999995,-7253.192679000001,-7299.64598623505
202,-119.737691,52.246741,150,0.0066097099999999995,-7007.394372,-7047.689216469721
203,-119.852223,53.146454000000006,150,0.006715683,-7021.633184,-7059.313872192481
204,-118.273657,54.193594999999995,150,0.0067409639999999995,-7150.5043049999995,-7185.537947215142
205,-120.82494299999999,54.458751,150,0.0067409639999999995,-7186.381762999999,-7224.872974074802
206,-119.100282,54.182314,150,0.0067409639999999995,-7147.605383,-7183.8644476978625
207,-117.371602,55.183541000000005,150,0.006945483,-7068.52651,-7095.82003631903
208,-118.476969,56.05049,150,0.0070497979999999995,-7078.7923,-7103.46639504673
209,-120.78775700000001,56.80316800000001,150,0.0074011269999999995,-6817.652092,-6835.044385895157
210,-123.742975,57.672011,150,0.007407334,-6925.015409000001,-6946.033861907423
211,-129.15930600000002,58.888592,150,0.007863319,-6643.2269590000005,-6658.220875366232
212,-129.13776299999998,58.80995,150,0.007889114000000001,-6609.912303,-6624.256882890638
213,-138.858454,59.520489000000005,150,0.008357607,-6286.508043,-6300.054718201918
214,-142.350601,60.196144,150,0.008635193000000001,-6143.583281,-6154.266276042704
215,-145.623046,60.823252000000004,150,0.008977532,-5957.333919,-5964.12603647464
216,-147.279348,61.843477,150,0.009010609000000001,-6044.799432,-6053.032042981769
217,-150.480256,62.150491,150,0.009010609000000001,-6075.10565,-6087.104545739352
218,-156.092467,62.812862,150,0.009230717,-5984.8554030000005,-5998.010360410902
219,-154.019972,63.344161,150,0.009252725,-6029.147642,-6039.602957109779
220,-157.293175,63.777168,150,0.009252725,-6072.398886,-6086.400738303968
221,-156.219727,64.690578,150,0.009286794999999999,-6148.630351,-6160.020566899191
222,-164.458703,65.147947,150,0.009889816999999999,-5783.8151609999995,-5790.966866627256
223,-162.609721,65.945192,150,0.009889816999999999,-5867.270125999999,-5871.579581705807
224,-169.383124,66.849001,150,0.010306303,-5693.191257,-5696.003058476257
225,-176.43698899999998,68.398557,150,0.010922945,-5482.082857,-5480.409827873291
226,-181.043778,69.987462,150,0.011271808,-5436.03827,-5432.281859419785
227,-190.013675,70.25445699999999,150,0.011776716999999999,-5199.120933,-5195.321656511617
228,-193.009733,71.07464399999999,150,0.012078536,-5123.860686,-5117.954852390843
229,-195.492569,71.968204,150,0.012299698999999999,-5094.856432,-5087.517533894509
230,-201.21934,73.220564,150,0.012299698999999999,-5192.309823,-5189.337911775301
231,-195.83033400000002,73.821821,150,0.012299698999999999,-5246.1858950000005,-5238.221790966166
232,-201.615419,74.899759,150,0.013001206999999999,-5019.404715,-5005.605998738306
233,-202.801909,75.734264,150,0.013059153,-5058.334896,-5044.612372433486
234,-206.321834,77.04069799999999,150,0.013059153,-5155.000496,-5144.652091701649
235,-206.206975,77.924299,150,0.013118793,-5196.425020000001,-5185.870008898946
236,-218.49822200000003,77.85085600000001,150,0.013903793999999999,-4866.180367,-4853.941587134392
237,-227.90249900000003,78.304666,150,0.014612318,-4635.017372,-4620.956427085909
238,-233.15322700000002,79.782837,150,0.015196109999999999,-4535.828295,-4518.235047859056
239,-232.764288,81.426909,150,0.015196109999999999,-4645.855724,-4626.42536761852
240,-229.14593,82.013003,150,0.015196109999999999,-4687.779518,-4664.994053946798
241,-226.526369,82.876754,150,0.015239766,-4732.6792479999995,-4706.641578066679
242,-237.73427900000002,83.619975,150,0.015899578,-4560.017681,-4534.066026121113
243,-249.846948,84.404928,150,0.016510049,-4416.169036,-4392.796628843594
244,-255.86881499999998,85.891902,150,0.017397737,-4255.187304,-4225.273947320504
245,-256.45124,86.987643,150,0.01776933,-4219.435719,-4186.866864364461
246,-256.480887,87.963461,150,0.018285636,-4146.390999,-4106.3043745958485
247,-257.790753,88.867995,150,0.018361242,-4175.3336899999995,-4136.378263894226
248,-262.914988,90.317419,150,0.019189806,-4054.861264,-4009.5526245955434
249,-272.25566000000003,91.171873,150,0.019657239,-3986.3673799999997,-3944.7128007404012
250,-281.14119900000003,90.715401,150,0.020663036,-3750.582212,-3704.3427422946816
251,-279.759032,91.293526,150,0.020663036,-3779.944623,-3732.3214478440505
252,-284.141884,91.982724,150,0.020663036,-3808.197321,-3765.6755977376088
253,-298.191998,92.954642,150,0.021953269,-3602.6991009999997,-3557.407068614199
254,-302.56699100000003,93.250685,150,0.02277773,-3472.544864,-3422.6732261907487
255,-310.184307,94.914671,150,0.023699329,-3393.22518,-3339.6334693553235
256,-314.55206,95.868448,150,0.024402545,-3325.664882,-3267.692731221104
257,-326.502452,96.951203,150,0.025374347000000002,-3223.191009,-3165.7608259044646
258,-324.229415,97.344736,150,0.025374347000000002,-3242.158589,-3181.2699146703744
259,-328.114281,98.439212,150,0.025374347000000002,-3280.272096,-3224.4030837722235
260,-342.732837,99.95390400000001,150,0.026672622,-3158.228415,-3099.844782168908
261,-347.11674,101.292731,150,0.027525049000000003,-3102.437394,-3037.1491069936283
262,-362.735447,102.366517,150,0.028864601,-2978.035118,-2910.6949967416626
263,-368.626294,103.478865,150,0.028944795,-3002.6196449999998,-2939.715438863545
264,-371.775006,104.565122,150,0.029016442,-3027.439816,-2968.694742671209
265,-374.23123300000003,105.143111,150,0.029390776,-3004.724835,-2944.385440818573
266,-385.601579,105.54349099999999,150,0.03052781,-2891.644139,-2829.9503013348403
267,-392.013095,106.93828300000001,150,0.030962922000000004,-2889.117916,-2828.5361382870187
268,-393.548661,108.396248,150,0.031011233,-2929.854822,-2870.4036461679634
269,-396.859058,109.530308,150,0.031011233,-2963.903282,-2906.972975739606
270,-402.024445,109.74190800000001,150,0.031117789,-2956.373669,-2902.193064588733
271,-401.192674,109.90247099999999,150,0.031200535,-2954.5431280000003,-2898.384612472096
272,-397.7122,110.38526399999999,150,0.031200535,-2973.73303,-2913.858481750299
273,-410.340304,111.424318,150,0.031805237,-2937.4006440000003,-2882.1416982291867
274,-414.54037,112.268828,150,0.032508765,-2893.922803,-2835.5851889918195
275,-416.109451,113.342177,150,0.032621598,-2915.8708850000003,-2857.062836674725
276,-432.720038,113.488358,150,0.033824855,-2798.861977,-2743.220496069847
277,-435.219753,114.880581,150,0.033938967,-2829.245121,-2773.4660466082432
278,-449.615175,116.610348,150,0.035504574,-2738.38315,-2679.689220693246
279,-450.06138300000003,118.04629299999999,150,0.035677714,-2765.562286,-2704.727889708017
280,-450.380005,118.06551699999999,150,0.035677714,-2765.968142,-2705.2667134678577
281,-460.761138,117.993751,150,0.037099574999999996,-2648.049191,-2582.3664472803794
282,-458.860442,118.027635,150,0.037172926,-2646.591648,-2577.298444985062
283,-474.70763200000005,117.166795,150,0.038889707,-2495.7222460000003,-2421.771135393956
284,-475.448829,117.24278500000001,150,0.038889707,-2496.477217,-2423.7251228590712
285,-497.935449,118.300836,150,0.040990272999999994,-2377.720355,-2302.9357969034854
286,-500.036336,118.556595,150,0.041125476,-2373.115904,-2300.160568472718
287,-513.914792,119.18862299999999,150,0.042276179000000004,-2313.462799,-2240.783806174677
288,-524.847492,120.068001,150,0.043204911,-2275.142532,-2203.7937091193526
289,-527.1568440000001,120.981348,150,0.043790092999999995,-2265.122875,-2189.531904747314
290,-545.187753,122.03740800000001,150,0.0449817,-2217.412287,-2143.8486973810086
291,-546.897156,122.69836399999998,150,0.0449817,-2230.779356,-2158.5425840060134
292,-546.822757,122.95320500000001,150,0.0449817,-2237.4755649999997,-2164.20802128384
293,-551.7062080000001,123.052022,150,0.0449817,-2238.333525,-2166.404847993368
294,-555.3011650000001,123.831023,150,0.045010164000000005,-2249.1374920000003,-2182.0769921644332
295,-557.955116,123.41590900000001,150,0.045071165999999996,-2235.305097,-2169.3463490236836
296,-569.795641,124.07878000000001,150,0.046720702,-2163.246744,-2092.248635925599
297,-571.843796,125.07473200000001,150,0.046913582,-2175.258698,-2103.1772714930325
298,-567.62942,125.020726,150,0.046913582,-2177.3766969999997,-2102.0260910097345
299,-575.4755349999999,125.43513200000001,150,0.048243245000000004,-2123.4013809999997,-2041.3588665093635
300,-574.308272,125.63940600000001,150,0.048243245000000004,-2128.713868,-2045.593117335567
301,-575.5696690000001,125.69004,150,0.048243245000000004,-2128.153681,-2046.6426735998689
302,-572.376942,125.9076,150,0.048243245000000004,-2136.629719,-2051.1523204944756
303,-595.284925,126.22758999999999,150,0.050532034,-2033.090596,-1946.2274345155552
304,-613.490459,127.095625,150,0.052299832000000004,-1971.1747,-1883.5480841012509
305,-610.1022929999999,126.804483,150,0.052299832000000004,-1969.0551260000002,-1877.9812975769655
306,-631.286696,127.109077,150,0.054187404,-1894.5033399999998,-1804.4629704524714
307,-658.95391,127.82373700000001,150,0.05712737,-1797.2900339999999,-1704.1789533682686
308,-657.080026,126.800604,150,0.05712737,-1781.070499,-1686.2692718968478
309,-660.193238,127.679074,150,0.05737762799999999,-1787.4442350000002,-1692.5542146641683
310,-658.667601,128.873467,150,0.05762094499999999,-1805.562096,-1704.5208487099758
311,-661.14285,129.276198,150,0.05782580799999999,-1805.0642899999998,-1704.094117048484
312,-666.210762,129.865289,150,0.05782580799999999,-1810.00147,-1714.2814541627358
313,-679.857175,130.856741,150,0.059010654,-1782.7469489999999,-1689.0327662911086
314,-714.748053,130.96002099999998,150,0.061965197,-1680.7666530000001,-1592.295325958813
315,-725.121771,130.856331,150,0.063190484,-1643.575801,-1552.61105864212
316,-725.26918,130.07628200000002,150,0.063363972,-1625.312851,-1535.0418773045203
317,-749.433897,131.612775,150,0.065164981,-1591.396864,-1506.0885837634369
318,-753.130893,130.415848,150,0.065164981,-1569.5161449999998,-1487.720942407108
319,-764.2778099999999,131.62368899999998,150,0.065892496,-1565.717142,-1485.6203436731937
320,-784.414945,133.065512,150,0.067361746,-1542.779783,-1466.763145214415
321,-787.3866469999999,132.315668,150,0.067361746,-1530.545957,-1455.6315453891964
322,-784.06339,133.351957,150,0.067361746,-1548.812637,-1471.0154845169027
323,-784.953313,132.960486,150,0.067361746,-1541.304771,-1465.2040110435162
324,-812.310825,133.54881,150,0.070361756,-1475.7452640000001,-1395.9433385471077
325,-869.512325,134.80070700000002,150,0.07571638400000001,-1368.723522,-1289.2511739835736
326,-916.768967,135.97003600000002,150,0.08039298,-1289.035672,-1209.2209366171883
327,-942.354694,136.06686399999998,150,0.083245407,-1240.92597,-1157.6605580665964
328,-946.0837230000001,137.010446,150,0.08339174299999999,-1248.1831439999999,-1166.3707914190245
329,-943.825345,136.69951799999998,150,0.08339174299999999,-1247.120716,-1162.6422688001842
330,-975.2306269999999,135.922603,150,0.086690455,-1182.954166,-1097.1235653897784
331,-1028.4798210000001,136.502924,150,0.09203139800000001,-1108.976932,-1021.4053384533132
332,-1030.514844,135.749192,150,0.09203139800000001,-1096.327367,-1013.2153944083469
333,-1070.738481,136.64181499999998,150,0.09604730400000001,-1051.3647740000001,-967.2419822752928
334,-1120.310454,138.219165,150,0.10117800800000001,-1005.74325,-918.4957399368891
335,-1156.607539,138.310412,150,0.10471644800000002,-965.3211279999999,-878.3619184459101
336,-1206.993494,139.035252,150,0.10958653099999999,-919.7610460000001,-833.0975364497974
337,-1210.255882,140.134802,150,0.11002731199999999,-923.170458,-838.6104380379106
338,-1207.770002,140.912116,150,0.11002731199999999,-932.5808509999999,-845.6751748370791
339,-1200.8468779999998,139.917918,150,0.109610679,-929.3310119999999,-840.9038142489471
340,-1239.608694,141.19753799999998,150,0.113167372,-903.0023779999999,-816.8825139621401
341,-1199.654088,141.558177,150,0.10913467699999999,-946.21745,-860.8482542512843
342,-1198.353607,140.881378,150,0.10946752199999998,-941.389475,-851.1784621104059
343,-1243.15455,142.211177,150,0.113881069,-909.3505039999999,-818.9070773929336
344,-1287.715186,142.008329,150,0.11825924400000001,-867.0313160000001,-776.6187398900863
345,-1249.1108980000001,140.186124,150,0.11443701900000001,-887.1836720000001,-795.8751025768473
346,-1201.652624,140.697775,150,0.11003396699999998,-936.799474,-843.658835767626
347,-1195.095045,141.76827600000001,150,0.108793896,-954.802359,-866.3732654030174
348,-1200.577037,140.657544,150,0.109047856,-938.6331279999999,-853.5025272752591
349,-1204.092014,140.88268,150,0.10919694199999999,-940.291841,-854.0081516931016
350,-1202.43489,140.528615,150,0.108979646,-937.9784210000001,-853.0329416475615
351,-1248.178496,141.523122,150,0.113700744,-904.6235810000001,-814.5984159763975
352,-1222.4410710000002,141.3472,150,0.1115945,-926.789132,-833.7097899840439
353,-1219.9565220000002,140.524577,150,0.111833215,-921.153878,-823.9708467353582
354,-1219.009437,139.356962,150,0.112175493,-911.5821300000001,-810.1863214657116
355,-1217.816625,139.729884,150,0.11191405500000001,-916.960149,-816.0706547673644
356,-1219.526827,140.644104,150,0.11191405500000001,-923.6143910000001,-824.2396019116709
357,-1220.069264,141.678553,150,0.112284347,-932.070156,-829.8034492955815
358,-1214.341872,140.282262,150,0.112016112,-925.101192,-820.0010771511795
359,-1213.025895,140.967543,150,0.11227694800000002,-932.086389,-823.5440711352592
360,-1219.952629,139.450299,150,0.11255463300000002,-912.55216,-807.3369836308013
361,-1200.4416820000001,140.167707,150,0.110319468,-936.685997,-835.9335395387805
362,-1198.23343,142.275275,150,0.11062797399999999,-959.629174,-851.8601856458112
363,-1205.978833,142.975293,150,0.11101715300000001,-957.943882,-854.1840258956521
364,-1207.765738,142.694705,150,0.11122458900000001,-954.830526,-849.5394282655031
365,-1202.634557,141.831984,150,0.11092871500000001,-952.473211,-844.7845384795512
366,-1205.390811,142.005278,150,0.11136620699999998,-953.489446,-841.9082222143469
367,-1177.955831,141.534656,150,0.10854030199999999,-976.507975,-866.9153788977651
368,-1223.375016,142.241885,150,0.113049505,-936.923297,-827.2650217526821
369,-1211.482066,142.626494,150,0.111492426,-951.026866,-846.2064083841726
370,-1214.289334,142.390638,150,0.111492426,-945.849767,-844.0909642373208
371,-1233.1156039999998,141.870491,150,0.113300248,-923.2592960000001,-821.5348281033394
372,-1169.307839,140.462942,150,0.107128737,-974.17294,-872.1295740414254
373,-1166.753259,139.549307,150,0.106857573,-967.9345390000001,-866.5266148603216
374,-1166.848796,140.205076,150,0.106974738,-975.472623,-871.3907840017366
375,-1207.1085480000002,140.20023600000002,150,0.11084483199999999,-933.934915,-830.9176402916258
376,-1171.473879,139.757305,150,0.10724044099999999,-965.517353,-864.3402130070804
377,-1172.504868,140.245428,150,0.10761153400000001,-970.027583,-864.900276993145
378,-1173.518394,140.228553,150,0.107553027,-971.079615,-865.3707515477307
379,-1207.3488320000001,140.073919,150,0.11079863699999999,-934.351716,-830.2423988529936
380,-1212.498824,140.688091,150,0.11100389000000001,-934.471746,-833.7152805634673
381,-1210.055385,140.973587,150,0.111132675,-938.7171099999999,-834.9894404797774
382,-1224.534968,142.52945400000002,150,0.112526909,-939.3620970000001,-834.9690031276211
383,-1257.5088039999998,143.571707,150,0.11524878499999999,-917.6512130000001,-817.6832275229506
384,-1252.6402640000001,141.536731,150,0.115047031,-903.541085,-801.9168352847362
385,-1252.988244,141.119998,150,0.115319807,-899.981751,-795.7483277954211
386,-1244.042672,141.346253,150,0.11503375,-910.8209380000001,-800.3857101081876
387,-1242.291205,140.35308999999998,150,0.114763375,-902.822523,-794.2735535209104
388,-1244.436616,141.724568,150,0.11502872400000001,-913.310517,-803.7217181635376
389,-1246.634082,142.10053100000002,150,0.11529290900000001,-915.638172,-804.5035461059081
390,-1194.588395,141.000427,150,0.10984797699999999,-954.933952,-848.3252668192812
391,-1194.40961,141.606442,150,0.110076619,-960.489898,-851.4763720053513
392,-1217.3227,141.749162,150,0.112378846,-939.7148589999999,-829.4969193651941
393,-1218.902685,141.907245,150,0.112503868,-940.265965,-829.6671367272829
394,-1218.2969679999999,142.800397,150,0.112503868,-949.2227800000001,-837.6059926606631
395,-1216.30685,142.302197,150,0.112706939,-947.788358,-831.1692237649561
396,-1180.057589,141.140088,150,0.10899485099999999,-972.900331,-858.4840904425282
397,-1178.126376,140.583806,150,0.108787558,-968.8830740000001,-855.5525271925898
398,-1212.181741,140.300701,150,0.11258646199999998,-933.323819,-814.5824575776751
399,-1161.216943,141.076887,150,0.107336926,-991.0145210000001,-875.5974815547625
400,-1161.794026,139.623433,150,0.107040595,-975.9885609999999,-865.2428730436668
401,-1163.560475,139.035622,150,0.107040595,-968.429246,-859.7513957214414
402,-1200.218989,139.655769,150,0.111219535,-936.935913,-822.2671501218397
403,-1177.5489630000002,140.734063,150,0.108812656,-970.3048539999999,-856.6699388675502
404,-1181.446035,141.173075,150,0.10908387599999998,-971.943923,-857.8521506739987
405,-1180.284279,141.960182,150,0.10908387599999998,-980.844548,-865.0677633645489
406,-1236.335224,141.860526,150,0.114775365,-925.019376,-807.2952597640369
407,-1232.333886,141.641844,150,0.11466625300000001,-928.2794039999999,-806.4215910220277
408,-1160.327415,141.98116399999998,150,0.10734889900000001,-1004.142497,-883.8913392678664
409,-1160.0984,141.801388,150,0.10734889900000001,-1002.4480050000001,-882.2166504571319
410,-1161.773897,142.29324,150,0.107621954,-1005.38001,-883.816446673971
411,-1161.222406,142.39719499999998,150,0.10757069800000002,-1006.337093,-885.341369079421
412,-1167.3894289999998,143.849303,150,0.107847633,-1016.016606,-895.7922959411532
413,-1215.967187,144.37889199999998,150,0.11212381,-971.8048570000001,-855.4789827453266
414,-1219.885534,144.268884,150,0.11238226,-968.2234699999999,-851.8841525076932
415,-1166.368003,143.175026,150,0.107215248,-1013.004683,-896.4883863576241
416,-1235.7464630000002,142.51615900000002,150,0.114097856,-934.413286,-819.4926628251765
417,-1231.051552,142.593492,150,0.113876722,-938.781524,-822.3062915217878
418,-1187.260329,142.494405,150,0.109195316,-981.4509380000001,-868.7851492627528
419,-1183.383568,142.651893,150,0.109119559,-986.3528560000001,-871.030278151582
420,-1222.139717,143.400343,150,0.11296527800000002,-954.213109,-838.3463497917486
421,-1231.0747390000001,143.400672,150,0.113306306,-945.1254369999999,-834.9807179977677
422,-1175.668576,143.751009,150,0.107674925,-1006.771078,-896.7784298607955
423,-1231.4434410000001,144.413096,150,0.113657999,-955.651422,-840.4370556653039
424,-1184.2175359999999,144.48703600000002,150,0.10889358199999999,-1004.305358,-890.2848663992806
425,-1178.421432,142.819968,150,0.10846588300000001,-996.55612,-879.5570871894918
426,-1180.257928,141.71538999999999,150,0.10871744800000001,-983.9303179999999,-866.6976795755463
427,-1152.2200779999998,141.93455600000001,150,0.10535408,-1015.58838,-905.678273107954
428,-1160.6040289999999,142.168486,150,0.10559833699999999,-1008.869399,-905.1247074762784
429,-1164.287199,141.45457199999998,150,0.10545439199999998,-995.034525,-899.9879284983137
430,-1200.344202,142.407503,150,0.10892751599999999,-965.620808,-870.8272673722036
431,-1258.571043,142.350106,150,0.11523356900000001,-907.2157460000001,-807.2268313755598
432,-1205.087244,142.335553,150,0.10998112000000002,-958.898635,-859.0926396417038
433,-1237.204033,142.88916799999998,150,0.11370188699999999,-932.680432,-826.6016887163878
434,-1197.860637,141.59788500000002,150,0.109125986,-960.2378679999999,-861.3034846412049
435,-1195.08626,141.631473,150,0.108906936,-963.880469,-863.9203497566775
436,-1193.654332,141.874956,150,0.109122895,-966.728258,-863.8750634563007
437,-1197.417935,143.05269099999998,150,0.10944881399999999,-974.018919,-871.2114216994835
438,-1199.7981359999999,144.7983,150,0.10981148800000001,-987.8665179999999,-883.2873437801222
439,-1198.528585,142.47486,150,0.10953604699999998,-967.642483,-865.0147690891506
440,-1215.158859,143.499856,150,0.111041535,-959.372199,-858.6582069850131
441,-1249.693028,143.047623,150,0.115118075,-920.513169,-814.3749130789713
442,-1258.816839,143.198427,150,0.115578817,-913.7852849999999,-811.3252867251615
443,-1214.035987,142.771107,150,0.111176999,-950.2571230000001,-850.7116153358857
444,-1206.721411,141.74846200000002,150,0.11093145,-947.542382,-844.0037979440729
445,-1249.5124460000002,142.004213,150,0.11524356000000001,-908.1641089999999,-804.131332177865
446,-1224.564898,141.97423999999998,150,0.11259160199999999,-932.725949,-829.39621568754
447,-1220.626441,141.740204,150,0.11225468599999999,-934.51997,-830.6464270442863
448,-1199.55892,141.62968999999998,150,0.110230594,-955.1301689999999,-850.099998487741
449,-1190.93412,139.917683,150,0.109730855,-947.3828460000001,-839.6680336572049
450,-1204.861412,141.157783,150,0.111119172,-943.3470390000001,-836.7830053732891
451,-1175.067297,140.872493,150,0.108279914,-973.412659,-863.5755820721885
452,-1175.793314,141.275513,150,0.107918822,-975.676652,-871.1621028808156
453,-1205.169446,142.055738,150,0.110980348,-953.0780869999999,-846.275644662599
454,-1201.9596960000001,142.494507,150,0.110980348,-961.3141390000001,-850.2292184971304
455,-1199.786409,142.643568,150,0.11105407699999999,-965.287203,-850.8186504076375
456,-1200.118293,142.0396,150,0.111466255,-959.6449140000001,-841.2063302660656
457,-1202.998601,141.977363,150,0.111466255,-954.057549,-840.6479819121175
458,-1204.974053,141.64575,150,0.111257055,-948.8715619999999,-839.7806189322577
459,-1207.590707,142.98673300000002,150,0.111448419,-959.394296,-849.8846582469907
460,-1216.047699,143.642537,150,0.111728919,-957.713215,-852.9103243441357
461,-1222.141073,144.194921,150,0.112114163,-957.875554,-853.9359502326477
462,-1215.172984,142.727972,150,0.11184576400000001,-949.878966,-843.5469922196236
463,-1210.757807,142.914707,150,0.11149375500000001,-955.089555,-848.7779625508281
464,-1210.325401,143.019437,150,0.111074611,-957.9726289999999,-853.9928632714334
465,-1210.0139060000001,143.237169,150,0.111074611,-959.736918,-855.9530952095852
466,-1202.226011,142.418005,150,0.110792931,-961.123317,-851.4571437248035
467,-1202.782111,141.899904,150,0.11059417499999999,-955.249836,-848.8132601742024
468,-1158.780917,143.280707,150,0.10676203000000001,-1014.2345210000001,-902.5117693316258
469,-1169.526787,143.3407,150,0.10719060600000001,-1006.181409,-898.3065027877087
470,-1236.226136,143.378903,150,0.11348057099999999,-936.9803199999999,-833.0759049919075
471,-1233.415059,143.048677,150,0.11348057099999999,-937.6412529999999,-830.1659266838144
472,-1230.14784,142.138942,150,0.11309537800000001,-931.491934,-825.9052908610738
473,-1234.502542,142.94050900000002,150,0.11342719999999999,-935.8827880000001,-829.7348607354218
474,-1220.855527,143.651251,150,0.112041002,-955.6894199999999,-849.8254460122013
475,-1222.534398,142.618553,150,0.11177829199999999,-943.9264720000001,-843.2478754042943
476,-1255.408612,141.888898,150,0.11505955099999998,-905.013848,-804.8600273627496
477,-1222.6370880000002,142.446428,150,0.11126707300000001,-942.7570939999999,-846.8754982616083
478,-1226.973303,143.08284799999998,150,0.11126707300000001,-945.333858,-852.595249692474
479,-1221.610837,142.006127,150,0.110891795,-939.8887070000001,-846.7306819621344
480,-1224.105115,142.714482,150,0.111130139,-942.881699,-850.6803374484125
481,-1222.439818,142.948341,150,0.11077628300000002,-947.037631,-856.4152360973585
482,-1220.7524560000002,142.634446,150,0.11056369300000002,-945.9524359999999,-855.7692581497149
483,-1221.90661,143.609855,150,0.11092652599999998,-954.170976,-860.834274677113
484,-1220.828897,143.34912,150,0.11054392499999999,-953.1992019999999,-862.438200717741
485,-1213.526758,143.183345,150,0.110136067,-958.5662869999999,-865.1807528346903
486,-1208.608455,143.170983,150,0.10989731999999999,-962.3323369999999,-867.5670702887903
487,-1204.945952,142.19795200000002,150,0.109570164,-957.477748,-862.1292568680879
488,-1238.111465,142.928249,150,0.11351885400000002,-931.364138,-828.7305486639457
489,-1240.18019,141.584444,150,0.1131541,-917.6597800000001,-820.430548261269
490,-1220.856926,141.674948,150,0.11060908199999998,-938.1864869999999,-846.6267624897115
491,-1223.811883,142.590452,150,0.11103556,-944.522827,-850.5294715959387
492,-1218.842899,142.039144,150,0.11109040699999999,-943.14026,-845.0068278874737
493,-1199.043643,143.421258,150,0.109165143,-975.934235,-877.5947555073685
494,-1195.64816,143.91294299999998,150,0.10885188000000001,-984.6297089999999,-885.4616681621364
495,-1227.542514,143.480949,150,0.11189149400000001,-946.678726,-849.8162909205131
496,-1219.6137199999998,142.76570800000002,150,0.11159178199999999,-946.306249,-846.4485682113525
497,-1201.35067,143.465722,150,0.109396311,-972.059403,-875.5422838531113
498,-1249.763001,143.857727,150,0.114119129,-928.537708,-831.0436429475477
499,-1206.562128,142.83006899999998,150,0.10996225500000001,-961.5134220000001,-863.786079499798
