,logPrior,time_stats,num_coal,theta_root,P_Z_M,P_Z_M0
0,32.150756,0.076425,310,0.000111816,2707.0106309999996,2351.970007230122
1,32.173697,0.079467,310,0.000106313,2693.118709,2303.622257905339
2,32.007327000000004,0.084969,310,0.00011209,2673.438272,2276.6575974285925
3,31.948909000000004,0.080239,310,0.00010635399999999999,2691.74102,2296.53210888144
4,32.005654,0.084338,310,0.000102742,2672.065435,2240.823693548792
5,32.097713,0.07244,310,9.733100000000001e-05,2728.960777,2334.2030440247063
6,32.010279,0.07714,310,0.00010271399999999999,2704.212219,2310.7624984787817
7,32.036499,0.08071,310,9.933700000000001e-05,2685.772742,2259.6564974706516
8,32.051079,0.081135,310,9.9513e-05,2687.436424,2256.2739180071894
9,32.060179999999995,0.083878,310,9.3785e-05,2675.400019,2195.6076006180083
10,32.122710999999995,0.084537,310,9.192799999999999e-05,2679.789884,2176.572021901876
11,32.145233000000005,0.08089,310,9.1779e-05,2687.144808,2215.3187082729596
12,32.08077,0.076903,310,9.588399999999999e-05,2712.1187809999997,2281.06871860265
13,32.003482,0.078541,310,9.5355e-05,2696.1829510000002,2261.1563547796636
14,31.975036,0.076761,310,9.643000000000001e-05,2708.305478,2285.3223114310713
15,31.980213,0.07714800000000001,310,9.6918e-05,2702.878433,2283.772543796011
16,31.809232,0.08985399999999999,310,9.389e-05,2660.6027329999997,2132.6119683515244
17,31.728105,0.082495,310,9.752799999999999e-05,2691.384889,2231.980998339136
18,31.602946999999997,0.090045,310,0.0001008,2661.638055,2174.307437266383
19,31.577222999999996,0.10178999999999999,310,0.00010624200000000002,2613.488275,2093.2151821986095
20,31.680979999999998,0.086799,310,9.981e-05,2671.905455,2201.028381137198
21,31.610635,0.096467,310,9.564e-05,2632.421899,2075.2536351201634
22,31.583201000000003,0.09778400000000001,310,9.321399999999999e-05,2634.968598,2042.8385719940493
23,31.503290999999997,0.091663,310,9.5659e-05,2653.780772,2125.6124482811097
24,31.506766,0.097663,310,9.9549e-05,2634.87611,2090.4278474652683
25,31.534259999999996,0.092317,310,0.000103159,2654.210664,2165.5396322215784
26,31.678289000000003,0.089602,310,0.00010084899999999998,2657.787015,2178.9835191668903
27,31.886102,0.088027,310,9.5993e-05,2666.881427,2165.7437822504176
28,31.792757,0.089684,310,0.00010026299999999999,2661.3561219999997,2174.7794136490425
29,31.845004,0.081135,310,0.00010358700000000001,2691.429227,2275.9015732443913
30,31.972281,0.080843,310,0.00010092200000000001,2687.753159,2266.1916662535127
31,31.907203000000003,0.088029,310,0.000104965,2660.37949,2216.4085620553315
32,31.936360999999998,0.08995,310,9.850499999999999e-05,2660.82768,2161.5990166968786
33,31.803462,0.093264,310,9.7549e-05,2642.394056,2121.7005480201833
34,31.682727000000003,0.087617,310,0.00010185299999999999,2658.907072,2204.1594745471607
35,31.669006,0.087469,310,9.8307e-05,2658.172003,2185.620848815481
36,31.623312,0.09979,310,0.00010227899999999999,2622.540951,2087.4309395396945
37,31.421840999999997,0.094829,310,0.000107213,2637.206594,2163.998851374365
38,31.260215999999996,0.110884,310,0.000113173,2591.886908,2051.945108503714
39,31.104295,0.10540899999999999,310,0.000117856,2608.9719809999997,2124.76213466771
40,30.903962,0.10316800000000001,310,0.00012064,2610.110083,2156.740104828914
41,31.120539,0.104019,310,0.00011460399999999999,2605.759685,2120.1857827180174
42,31.120993,0.102556,310,0.00011794799999999999,2613.415254,2149.406491278165
43,31.02757,0.100938,310,0.00011477500000000001,2618.448569,2147.91966772111
44,31.017321999999997,0.107804,310,0.000109512,2597.280212,2057.5097822460257
45,31.198110999999997,0.10449100000000001,310,0.00010828899999999999,2607.261018,2080.467603824054
46,31.029439,0.096524,310,0.000112155,2630.410804,2173.8901499728863
47,30.833880999999998,0.11557,310,0.00011840200000000001,2574.625895,2041.635873430729
48,30.899362,0.106253,310,0.00012324700000000002,2600.230279,2143.1705618528395
49,30.840258000000002,0.10289000000000001,310,0.00012827299999999998,2611.081941,2190.7766902592066
50,30.790318,0.11115599999999999,310,0.000132096,2582.336558,2142.311005920417
51,30.746821999999998,0.105149,310,0.000126518,2606.6025600000003,2166.065543737334
52,30.639389,0.10505,310,0.00012200899999999999,2604.255912,2147.4124498409346
53,30.596453000000004,0.109696,310,0.00012672299999999997,2592.143706,2131.026709935395
54,30.549229999999998,0.117822,310,0.000131075,2561.521183,2087.3053501175777
55,30.444482,0.120126,310,0.000126651,2560.425823,2048.3584946100405
56,30.375514000000003,0.12196800000000001,310,0.00012174200000000001,2556.220945,2007.2372581993977
57,30.486114,0.10856400000000001,310,0.000117096,2595.911164,2094.0190161343244
58,30.359009999999998,0.11436500000000001,310,0.00012044299999999999,2584.087334,2062.882854054361
59,30.427468,0.13029300000000002,310,0.000116318,2537.941698,1903.07749930956
60,30.617984000000003,0.11630399999999999,310,0.00011121000000000001,2579.4476210000003,1991.3383707926505
61,30.591395000000002,0.112603,310,0.000115242,2583.362744,2049.002914030787
62,30.670030999999998,0.108931,310,0.00011713100000000001,2589.503135,2091.070165389609
63,30.584312,0.118815,310,0.000123136,2567.625235,2040.6554550905512
64,30.704099,0.11871,310,0.00011853200000000001,2561.489494,2015.87547520388
65,30.549671999999997,0.11526700000000001,310,0.000122785,2579.7994489999996,2067.678070314818
66,30.556641,0.115927,310,0.00012597700000000002,2573.786368,2078.2695673873695
67,30.683778000000004,0.11215699999999999,310,0.00012164999999999999,2582.134194,2087.3633447892034
68,30.791446,0.107698,310,0.000124874,2600.074879,2138.765924994824
69,30.57793,0.119522,310,0.00013044899999999998,2560.652204,2071.4439080825955
70,30.389974,0.11429500000000001,310,0.000130826,2580.883109,2113.14343305496
71,30.559136,0.10699700000000001,310,0.00012592000000000001,2603.7936649999997,2148.91134995176
72,30.556682000000002,0.10938699999999998,310,0.000131056,2593.9716489999996,2151.5817713731085
73,30.630283000000002,0.125168,310,0.00012552600000000002,2543.959806,2002.4568961184384
74,30.592893,0.129414,310,0.00012006299999999999,2534.624526,1935.514640545194
75,30.53104,0.12223900000000001,310,0.00011581999999999999,2554.13653,1969.1301409125047
76,30.428951,0.119648,310,0.00011803399999999999,2563.690521,2005.0083300621461
77,30.352371,0.11598599999999999,310,0.00012285,2582.827731,2062.1580441356955
78,30.333303000000004,0.125228,310,0.00012614100000000002,2546.130551,2005.3277291377208
79,30.175996,0.121116,310,0.000123791,2554.465995,2025.5285567029714
80,30.053978000000004,0.126723,310,0.000123314,2545.755594,1977.4715010241769
81,29.978123999999998,0.140994,310,0.00012360599999999998,2512.2627390000002,1863.7103989321317
82,29.836447999999997,0.132293,310,0.000123765,2528.728323,1935.079891794258
83,29.947665999999998,0.12169100000000001,310,0.000125223,2556.782943,2028.5597741695262
84,30.004257,0.12316300000000001,310,0.000122062,2561.101485,1999.2598678825964
85,29.955301000000002,0.130184,310,0.00012192100000000001,2543.3911829999997,1940.864783554038
86,30.118532000000002,0.11931099999999999,310,0.000127999,2565.444136,2061.432469289468
87,29.879426000000002,0.115601,310,0.00012738000000000002,2571.755433,2087.531073590264
88,29.854188,0.128885,310,0.00013237900000000001,2541.583919,2009.520416983301
89,29.821828999999997,0.129745,310,0.000138581,2539.8920510000003,2032.6933957285535
90,29.575711,0.125431,310,0.00014308700000000002,2552.980184,2082.4069794348143
91,29.436197999999997,0.135217,310,0.00014937499999999999,2528.238788,2040.4629128680767
92,29.3695,0.135771,310,0.00014111400000000002,2532.094594,2001.180800274126
93,29.376513,0.134694,310,0.000145798,2534.6634440000003,2029.355214110239
94,29.421825,0.146358,310,0.000141695,2507.450481,1929.1353598870542
95,29.27143,0.14549600000000001,310,0.00014921200000000002,2505.997559,1970.9239469646866
96,29.290824,0.140952,310,0.000156188,2511.081185,2029.4042793684853
97,29.079894,0.132023,310,0.00015606299999999999,2533.038432,2086.1437251573307
98,29.21759,0.143559,310,0.000149308,2508.192086,1984.3246999644734
99,29.237863,0.143609,310,0.000149864,2497.0698199999997,1986.4059942436543
100,29.396228999999998,0.143242,310,0.000150156,2499.177472,1990.1101713739442
101,29.542336,0.13856500000000002,310,0.00014650299999999998,2511.138708,2005.8828588508322
102,29.417848,0.132575,310,0.00014004000000000002,2529.6157670000002,2018.9923873847818
103,29.434941,0.145732,310,0.000135189,2493.7995370000003,1898.6279068071199
104,29.312203000000004,0.135138,310,0.00014021299999999998,2520.076085,2001.4983954947634
105,29.224598999999998,0.14418599999999998,310,0.00014425299999999998,2503.1954600000004,1956.9620629431192
106,29.250844,0.14690999999999999,310,0.000144892,2495.494408,1941.199806324426
107,28.976316999999998,0.140192,310,0.00014906700000000001,2514.039494,2005.8581661816652
108,28.859228,0.153582,310,0.000155308,2478.837468,1944.7201243825311
109,28.765990999999996,0.141337,310,0.00015558399999999998,2501.82544,2024.6274202582922
110,28.715342,0.140576,310,0.00015934,2503.929814,2043.4221740653052
111,28.642805,0.153835,310,0.000159778,2479.623709,1962.0057984555494
112,28.496205,0.16172899999999998,310,0.000153671,2461.543826,1884.454874176389
113,28.822017,0.14826,310,0.000151123,2494.678571,1961.0195687807352
114,28.758159000000003,0.162188,310,0.00014392200000000002,2473.677794,1830.2937698627175
115,28.806024,0.149097,310,0.00014947700000000002,2491.3698679999998,1948.0119102690032
116,28.488353999999998,0.156313,310,0.000158153,2485.523283,1939.6136975729887
117,28.324443,0.1576,310,0.000165598,2483.697533,1962.017002676257
118,28.534952,0.159867,310,0.000160352,2474.274394,1926.7233612105852
119,28.491379,0.152602,310,0.000156464,2488.681822,1955.9908481270165
120,28.643362,0.157803,310,0.00016062799999999998,2481.795717,1940.752868022836
121,28.350067,0.16312000000000001,310,0.00016716900000000003,2475.443547,1935.0132610585522
122,28.451973,0.155498,310,0.000171817,2475.897551,1997.2695724685673
123,28.397484999999996,0.159088,310,0.00017880400000000002,2476.882432,2000.199916022997
124,28.519737,0.16405699999999998,310,0.00017880400000000002,2454.624996,1972.4097099873384
125,28.399715000000004,0.144189,310,0.00018559000000000002,2494.696974,2101.4642697035956
126,28.201833,0.160274,310,0.00018596599999999997,2467.969085,2015.9133882053068
127,28.053089,0.167184,310,0.000196333,2465.754103,2009.409262919376
128,28.097305,0.159072,310,0.000200827,2476.121344,2061.841578611361
129,28.477009000000002,0.151881,310,0.00019286000000000002,2489.165703,2078.955448290632
130,28.784233,0.148807,310,0.00018485099999999998,2490.1749059999997,2074.612847455012
131,28.829539,0.144206,310,0.00017819599999999999,2498.067299,2081.734860167809
132,28.875297999999997,0.13994700000000002,310,0.000181024,2509.073802,2113.023380251749
133,28.745373999999998,0.13003,310,0.000187063,2534.704259,2180.822395813664
134,28.705840999999996,0.142037,310,0.00018643599999999997,2510.293052,2115.122679991113
135,28.550675,0.131554,310,0.000192732,2537.108336,2184.1059388191766
136,28.412861,0.149233,310,0.000183777,2490.525128,2069.396686650959
137,28.269795000000002,0.150828,310,0.000189058,2497.481721,2074.860284061207
138,28.320930999999998,0.151937,310,0.000193638,2495.515989,2080.58232069472
139,28.308858,0.145326,310,0.000186801,2503.8663899999997,2098.398015759363
140,28.245836999999998,0.145405,310,0.00019485700000000002,2493.4217329999997,2117.0675623312727
141,28.195490000000003,0.160428,310,0.00019439900000000002,2465.113996,2038.7597883692742
142,28.039802,0.16422,310,0.000187861,2459.717699,2000.4592208931722
143,28.154107,0.15804,310,0.000196617,2468.540937,2056.697807071576
144,28.347038,0.158498,310,0.000197384,2476.99034,2056.2939168301336
145,28.591377,0.13759100000000002,310,0.00018842499999999999,2519.770255,2143.470617107352
146,28.704765000000002,0.141835,310,0.000181379,2515.690502,2103.520005866414
147,28.727328000000004,0.15269000000000002,310,0.00016930900000000003,2491.311873,2005.0068162668645
148,28.83612,0.155089,310,0.000162295,2485.95752,1964.3656706890647
149,28.80501,0.12917,310,0.00016774099999999998,2533.360736,2139.6771331461136
150,28.818926,0.157119,310,0.00016224700000000002,2465.608301,1951.6628720518815
151,28.866490999999996,0.149977,310,0.000170335,2484.882127,2024.4935237648597
152,28.731288,0.15953,310,0.00017373,2448.7534149999997,1980.5941914403022
153,28.784215999999997,0.153005,310,0.000173472,2473.1615100000004,2017.3033345753272
154,28.574523,0.150832,310,0.00017869099999999997,2486.794582,2046.0359065620498
155,28.653067,0.159341,310,0.00017272400000000002,2467.6963170000004,1978.1404604476381
156,28.665446000000003,0.158141,310,0.000173168,2467.8557,1986.639612940622
157,28.775418,0.155725,310,0.00017375099999999998,2468.399752,2002.566860086756
158,28.404884000000003,0.175874,310,0.00018370099999999998,2429.9669329999997,1924.1652541333058
159,28.165460999999997,0.175091,310,0.000183156,2438.307656,1926.512543334995
160,28.169649,0.16230999999999998,310,0.00017627099999999998,2460.751749,1973.5588087422643
161,28.33509,0.15316,310,0.00018144,2483.225109,2041.2613401061622
162,28.197138,0.152017,310,0.00019280099999999999,2490.02834,2078.103915128761
163,28.234956,0.16130999999999998,310,0.00019219,2468.831882,2028.228047159758
164,27.814104999999998,0.153397,310,0.000204893,2477.781035,2099.0438351467446
165,27.730996,0.169345,310,0.00019638400000000002,2449.508727,1998.5459345543
166,27.539803999999997,0.177734,310,0.0001873,2439.7164559999997,1926.6164447006615
167,27.159928000000004,0.178989,310,0.000192392,2437.9503760000002,1936.8931210097921
168,26.836268,0.17848699999999998,310,0.000188202,2446.1808149999997,1925.6740519749142
169,27.082702,0.18091600000000002,310,0.00018078400000000002,2437.479816,1885.7898318068774
170,27.265741,0.190878,310,0.00017498900000000001,2416.7097510000003,1805.819740210512
171,27.135299,0.17489200000000002,310,0.000171864,2445.717794,1884.5872422322445
172,27.312109000000003,0.195261,310,0.000173705,2405.8360850000004,1774.8073277520632
173,27.015241999999997,0.18415399999999998,310,0.000186825,2435.9935769999997,1890.6272723193233
174,27.363084000000004,0.17994100000000002,310,0.000177506,2431.765827,1878.4746853252636
175,27.246840999999996,0.181912,310,0.00018413200000000002,2435.469306,1892.8880706262169
176,27.155523,0.182832,310,0.000181807,2429.823412,1879.1328899106566
177,27.205996999999996,0.173145,310,0.000181385,2447.401195,1930.919360043949
178,27.302716999999998,0.17441099999999998,310,0.00018894900000000002,2444.434443,1949.7673832407927
179,27.425521000000003,0.16961700000000002,310,0.00019099400000000002,2460.7960199999998,1981.413856557513
180,27.634618,0.16758900000000002,310,0.00018371999999999998,2450.712542,1969.3280026478192
181,27.626468,0.167105,310,0.000175175,2454.9753579999997,1942.358619419752
182,27.854271,0.16286,310,0.00017456499999999998,2467.778921,1964.4241651178947
183,27.814607000000002,0.180264,310,0.00018146400000000002,2439.314039,1891.9690218899732
184,27.499232,0.19478900000000002,310,0.000185788,2409.351723,1829.608271870373
185,27.256758,0.185718,310,0.00018083200000000002,2426.190602,1859.4181336125757
186,27.472401,0.17943199999999998,310,0.0001739,2436.424057,1866.7435824668958
187,27.402506,0.178675,310,0.000183632,2441.090455,1908.6686407145412
188,27.376579,0.182785,310,0.000190286,2430.0766519999997,1910.0597663245012
189,27.594,0.178551,310,0.000187501,2435.817852,1922.9438822932523
190,27.573258000000003,0.18118199999999998,310,0.00017878900000000003,2434.211545,1876.5754413337952
191,27.72842,0.177722,310,0.000178463,2438.72269,1894.6778180961396
192,27.748991999999998,0.178668,310,0.000181019,2422.076684,1899.104866459882
193,27.545585,0.172291,310,0.000189005,2448.289029,1961.1656462998783
194,27.555837,0.17466800000000002,310,0.00019829,2440.880539,1976.995960297947
195,27.478167,0.161944,310,0.000193415,2463.41745,2028.2963782674578
196,27.820584999999998,0.180382,310,0.000192662,2430.296169,1930.5318859448435
197,27.680159999999997,0.173548,310,0.00019215400000000002,2440.111329,1964.4403728500693
198,27.496602000000003,0.189831,310,0.000186782,2416.074191,1860.0779861372043
199,27.703985999999997,0.190643,310,0.000175499,2408.6480890000003,1809.4264720507508
200,27.479026,0.188304,310,0.000181385,2407.68818,1847.3457459082708
201,27.825446999999997,0.165981,310,0.000172641,2457.851487,1939.3846308501272
202,27.522917,0.181777,310,0.000178562,2432.905112,1872.3488255285229
203,27.303379999999997,0.17791600000000002,310,0.000186727,2441.4011140000002,1923.6796595862602
204,27.33115,0.17315999999999998,310,0.00017664999999999998,2447.750629,1913.4476638724202
205,27.396681,0.183928,310,0.000176348,2422.383251,1851.2383188024899
206,27.172519,0.192152,310,0.00018126900000000002,2429.870259,1825.6515987274151
207,26.777676,0.19254000000000002,310,0.000188745,2408.671342,1853.0543677645464
208,26.770914,0.18626199999999998,310,0.000195543,2426.187242,1909.6547110872184
209,26.850865999999996,0.183353,310,0.000190173,2418.757716,1906.6863853122936
210,27.081090000000003,0.18495899999999998,310,0.00018613,2423.664852,1883.7771408846602
211,26.777411999999998,0.177231,310,0.00017972700000000002,2440.0399989999996,1902.225528460594
212,26.482845,0.196105,310,0.000176565,2418.437588,1783.172824401623
213,26.444769,0.193727,310,0.000182692,2423.7566039999997,1822.8631727627867
214,26.576759000000003,0.210786,310,0.00018758400000000003,2400.584571,1751.385020452302
215,26.471887,0.200924,310,0.000180496,2402.577804,1773.837204401577
216,26.506109999999996,0.198625,310,0.000185992,2406.7187989999998,1809.7934874845607
217,26.232552000000002,0.202098,310,0.00019282700000000002,2391.505538,1818.4485741654958
218,25.876481,0.193574,310,0.00020179400000000004,2400.70356,1893.1718232144917
219,26.086169,0.196052,310,0.000213119,2405.6822429999997,1915.5922033507459
220,25.970688,0.20204,310,0.000218554,2407.699137,1903.2639040632416
221,25.692934,0.197416,310,0.00023145799999999998,2413.447743,1956.9967445783805
222,25.711075,0.208472,310,0.000239527,2397.242178,1928.9487484251263
223,26.000821,0.19524,310,0.000240158,2407.9966600000002,1985.5170183465839
224,25.939915,0.19264,310,0.000252027,2414.585164,2019.1651208503527
225,26.097398000000002,0.19178199999999998,310,0.000245039,2417.4568649999997,2009.5854237412066
226,25.887299,0.191715,310,0.000255933,2409.832045,2029.6772668295616
227,25.842917,0.195681,310,0.000264018,2399.136384,2027.9531662359764
228,26.07175,0.186122,310,0.000265307,2425.6414449999997,2066.0742799056743
229,25.915662,0.19295,310,0.000265595,2404.961987,2040.7903456467243
230,25.58447,0.192824,310,0.000275632,2399.071432,2056.202797955846
231,25.350248,0.187168,310,0.000288293,2404.031269,2092.6225393023424
232,25.391023999999998,0.1913,310,0.00027318,2407.7669730000002,2058.27243051789
233,25.230656,0.212439,310,0.00026486900000000004,2375.344762,1966.0678456642638
234,25.279044,0.220926,310,0.00026073400000000004,2370.681689,1925.6753467865935
235,25.246523999999997,0.203121,310,0.000259809,2387.203008,1992.291463522276
236,25.386768,0.203826,310,0.000245988,2385.912636,1962.4448499335258
237,25.352708,0.202326,310,0.00024192400000000002,2394.039853,1959.8900771499707
238,25.59477,0.19858399999999998,310,0.000229345,2408.484519,1946.8888429223568
239,25.526408,0.208159,310,0.00023940200000000002,2381.257451,1929.9635532575235
240,25.815789000000002,0.209168,310,0.000237675,2384.443009,1921.6446947610298
241,25.829692,0.20166800000000001,310,0.00023845900000000003,2396.484572,1954.9691898405995
242,25.79055,0.20690799999999998,310,0.000228305,2385.2960980000003,1907.8934567874228
243,26.104926000000003,0.214117,310,0.000223558,2369.214503,1862.9165751486667
244,26.050038,0.20674099999999998,310,0.00021546699999999998,2367.5603170000004,1872.6115725292725
245,25.996875,0.212455,310,0.00020865800000000002,2373.06724,1823.8707276363675
246,25.877236,0.210463,310,0.000208406,2386.8082510000004,1832.572430575339
247,25.822211,0.19841099999999998,310,0.00020799599999999998,2387.550688,1889.1356728042874
248,26.064612,0.19494,310,0.000216705,2386.658114,1930.7735113253004
249,25.751322000000002,0.21754899999999996,310,0.000223081,2353.505328,1846.1462368197654
250,25.837682,0.20747100000000002,310,0.00022265700000000002,2384.738914,1890.1413927446097
251,25.916554,0.20973899999999998,310,0.00022117299999999996,2387.699241,1875.7079745208289
252,26.066801,0.202103,310,0.00023009,2384.791503,1933.393044942219
253,26.193239000000002,0.196192,310,0.000243058,2399.229736,1987.5790436520615
254,26.346621999999996,0.18618800000000002,310,0.00023585700000000002,2420.853772,2014.6734026462027
255,25.856175,0.195996,310,0.000249733,2409.766023,2001.540081228886
256,25.670195,0.211069,310,0.0002578,2387.017331,1957.775256021695
257,25.902995,0.204309,310,0.000246368,2389.592956,1961.2838939198
258,25.870441,0.215548,310,0.000247145,2371.879742,1917.4396086166648
259,25.751431,0.19799,310,0.00023806199999999998,2395.466898,1969.525142614084
260,26.186277,0.202464,310,0.000230963,2373.079553,1933.9761248056634
261,26.291981,0.201075,310,0.000240504,2393.949989,1961.9787345406223
262,26.196172,0.19175,310,0.000239893,2400.804697,1999.5093773899748
263,26.177699,0.202739,310,0.000252739,2380.893396,1980.4856714986445
264,26.346411,0.222757,310,0.000262538,2355.673346,1922.3859222279727
265,26.550095000000002,0.201929,310,0.000255974,2384.645458,1989.8451017482369
266,26.552877000000002,0.212716,310,0.000261614,2373.173803,1958.8631145733043
267,26.370372999999997,0.191716,310,0.000262285,2392.626847,2040.2147265997237
268,26.315701,0.196436,310,0.000276747,2397.024268,2044.718203229396
269,25.958553,0.190998,310,0.000291062,2396.715925,2082.6769407958545
270,26.119945,0.20962600000000003,310,0.00030510099999999995,2366.44065,2037.2137706128763
271,26.069257,0.206337,310,0.00029506000000000004,2370.0493109999998,2035.35326798507
272,25.758423999999998,0.18545999999999999,310,0.00030753599999999996,2405.666427,2118.768981251584
273,26.206861,0.20766300000000001,310,0.000294951,2366.576543,2030.7137159520253
274,26.418888,0.187369,310,0.000294246,2398.439058,2098.7381811278096
275,26.5328,0.185662,310,0.00028692900000000006,2405.1992760000003,2096.2551125344403
276,26.638996999999996,0.183973,310,0.000286214,2407.323882,2101.313290735571
277,26.381970000000003,0.19650399999999998,310,0.00029558,2384.159436,2069.304471568651
278,26.735959,0.186217,310,0.00028708200000000003,2400.388368,2094.501461850873
279,26.616582,0.197863,310,0.000300198,2381.189207,2070.198477446474
280,26.762131,0.17439100000000002,310,0.000287462,2422.79856,2136.088213280042
281,26.967197,0.16983199999999998,310,0.00026804,2424.359542,2130.8247454403163
282,26.970049,0.196688,310,0.00026716,2380.3216239999997,2029.2331059806093
283,26.747517,0.184246,310,0.000266328,2406.6933940000004,2074.616935682959
284,26.334387,0.20913,310,0.000275044,2367.213736,1996.0841915320966
285,26.079756,0.220543,310,0.000266831,2348.569638,1939.30619139567
286,26.441284999999997,0.19203800000000001,310,0.000262324,2399.2158280000003,2039.0498159155193
287,26.254351,0.19756700000000002,310,0.000268247,2392.987039,2027.680858878087
288,25.864242,0.208071,310,0.00028238,2370.655451,2011.4277472053648
289,25.861071,0.20859899999999998,310,0.000299314,2369.180596,2033.2973781356873
290,25.5452,0.20013599999999998,310,0.000313029,2377.146324,2076.979285755708
291,25.616732,0.203182,310,0.000327639,2374.8329559999997,2082.051208222507
292,25.510185,0.21749000000000002,310,0.000335543,2350.9630030000003,2046.6281037941135
293,25.505403,0.182349,310,0.000350489,2404.169247,2161.0215580544827
294,25.372826999999997,0.19182000000000002,310,0.00035820199999999996,2389.523019,2139.035908508137
295,25.508979999999998,0.20689000000000002,310,0.000350705,2366.186063,2091.1748143392124
296,25.420372,0.193577,310,0.000366395,2383.3710379999998,2139.2044668765757
297,25.353021,0.209128,310,0.000366998,2363.446166,2097.1892473898783
298,25.662154,0.203228,310,0.00034799300000000005,2372.700538,2099.5071130286706
299,25.506846,0.194883,310,0.00033944199999999997,2383.665345,2117.0924014075804
300,25.574794,0.199139,310,0.000348526,2378.621428,2111.658044846953
301,25.514274,0.222065,310,0.00033808300000000004,2337.043673,2035.6278089927034
302,25.432009,0.20687199999999997,310,0.000329233,2367.965435,2072.3412546062877
303,25.418622,0.20472200000000002,310,0.00031559400000000004,2371.3759,2065.1144888278595
304,25.542322,0.197108,310,0.00030398999999999997,2377.02221,2077.0126010523295
305,25.744239999999998,0.201742,310,0.000289783,2381.265598,2044.0698592617869
306,26.052186,0.185806,310,0.00028825,2393.7089100000003,2097.296996145728
307,25.892575,0.194829,310,0.00028067799999999997,2378.846959,2056.01233260432
308,26.011328,0.202351,310,0.000286224,2379.744572,2037.1164650277365
309,26.005654,0.18323599999999998,310,0.00029627,2404.214426,2114.913436939985
310,26.062255,0.186197,310,0.000314513,2399.737693,2122.8491574455456
311,25.633454,0.198034,310,0.000326536,2379.25422,2096.7673177606566
312,25.362385,0.182595,310,0.00034347800000000003,2397.61207,2155.949649448587
313,25.366645000000002,0.208366,310,0.00034430699999999997,2356.408519,2081.633418809807
314,25.199779,0.212498,310,0.00035533300000000005,2349.703927,2079.0117805285995
315,25.437245,0.217033,310,0.000340525,2347.262067,2052.884237879939
316,25.808932000000002,0.204152,310,0.000332648,2373.39979,2083.7697842460734
317,25.486777,0.226429,310,0.00032006900000000003,2337.4989010000004,2001.9994700387847
318,25.657213,0.232962,310,0.000311122,2328.962919,1969.4462910323005
319,25.437137,0.198206,310,0.000323023,2386.69601,2092.9924310309425
320,25.416929,0.21884699999999999,310,0.00030880299999999996,2360.783019,2011.851263787762
321,25.297819,0.201828,310,0.000326279,2385.834717,2084.9056168122706
322,24.912491,0.214878,310,0.00034161300000000005,2356.024676,2060.2335384391527
323,24.857738,0.197082,310,0.00032850399999999997,2386.310854,2101.435804175666
324,25.099481,0.204603,310,0.000314695,2374.788227,2064.5238289467684
325,25.140691,0.21654400000000001,310,0.000313077,2355.977541,2024.620945151221
326,25.013929,0.211351,310,0.00032226900000000003,2366.466261,2051.492363448593
327,25.226004,0.22459899999999997,310,0.00030838,2343.099259,1992.6517773013015
328,25.548366,0.192583,310,0.000309455,2387.923972,2097.5623869368874
329,25.469518,0.225254,310,0.00031047599999999996,2331.2762420000004,1993.3590570029473
330,25.682934,0.200718,310,0.000321394,2370.63826,2083.633714716945
331,25.893577,0.188094,310,0.000342251,2397.3377649999998,2139.086029212601
332,25.586387,0.189691,310,0.00035822199999999995,2393.75752,2144.991740324363
333,25.466566,0.21055300000000002,310,0.00037270500000000003,2352.121615,2097.3078093014265
334,25.500964,0.20183800000000002,310,0.00036698499999999996,2369.301458,2117.0446150055523
335,25.063657,0.189212,310,0.00037843,2391.793033,2157.5221807144894
336,25.194599,0.208583,310,0.000353817,2364.6625480000002,2088.8398843835453
337,25.355381,0.200467,310,0.000341416,2378.726596,2102.258919246884
338,25.304275,0.19280899999999998,310,0.000353159,2385.723152,2132.983979699921
339,25.158644,0.21704600000000002,310,0.000340358,2356.169822,2052.6853888796686
340,25.258879999999998,0.21013800000000002,310,0.00032620100000000003,2366.302072,2059.3567321285796
341,25.271575,0.206344,310,0.000340016,2370.253206,2083.8306103234927
342,25.427989999999998,0.192919,310,0.00032972000000000003,2382.9250859999997,2115.1288396692876
343,25.758762,0.19251400000000002,310,0.00033633800000000004,2392.393315,2121.685207110807
344,25.953146,0.187781,310,0.000344968,2394.2011899999998,2141.8706411882836
345,25.691425,0.191696,310,0.00035682199999999997,2385.498719,2138.508962229638
346,26.015182,0.17139400000000002,310,0.00034782300000000003,2420.34962,2190.8967194736974
347,26.241771999999997,0.174219,310,0.000346815,2420.272351,2182.2186708142685
348,26.295483,0.169935,310,0.000356625,2431.690032,2199.4026700270297
349,26.163847,0.18543199999999999,310,0.000340309,2401.376235,2145.536126442371
350,26.018608999999998,0.177145,310,0.00035114300000000005,2410.916329,2176.2328187342564
351,26.182175,0.176342,310,0.000325749,2408.635936,2162.641302225928
352,26.250725,0.19551400000000002,310,0.00034008800000000005,2383.531352,2115.738151775267
353,26.329626,0.18244100000000002,310,0.000333945,2403.483736,2149.960741348378
354,26.3795,0.17089100000000002,310,0.00034249199999999996,2417.704495,2189.483446576344
355,26.577761,0.180515,310,0.000341247,2400.667605,2160.5895314034633
356,26.740877,0.203499,310,0.000319659,2359.774798,2073.2221446546464
357,26.793343,0.175928,310,0.000330441,2411.5354190000003,2167.147513280391
358,26.397143,0.182313,310,0.00033103699999999995,2394.962396,2148.259552309791
359,26.723117,0.191025,310,0.000311404,2383.0666579999997,2104.5142298376945
360,26.493748999999998,0.180213,310,0.00032491,2406.363938,2150.1288151944927
361,26.423084999999997,0.189112,310,0.00033315199999999997,2393.940007,2129.3734590613503
362,26.039517,0.19780899999999998,310,0.00035360400000000004,2378.1622469999998,2119.1405650259394
363,25.878574,0.196579,310,0.000346233,2374.005302,2117.3141317621025
364,25.821704,0.191775,310,0.000361284,2381.984865,2141.072856787032
365,25.522188,0.182488,310,0.000379039,2392.997291,2175.566638792821
366,25.470588,0.202292,310,0.000377942,2367.1173989999998,2122.6681192076426
367,25.209717,0.182607,310,0.00039942300000000004,2397.753996,2183.600409384037
368,25.122101999999998,0.20515799999999998,310,0.00041471800000000006,2362.36527,2134.4355006865717
369,25.539317,0.19495,310,0.00039744099999999995,2378.87403,2151.806428082998
370,26.006845000000002,0.193459,310,0.000382169,2379.329264,2148.25317420017
371,26.250853999999997,0.184694,310,0.00036898699999999993,2397.5599899999997,2164.8044813144875
372,26.654591999999997,0.172651,310,0.000352227,2422.0131739999997,2189.5886924633287
373,26.471031,0.167656,310,0.000364991,2430.64252,2209.380530150839
374,26.291038,0.189853,310,0.000381524,2392.69635,2157.3725838491396
375,26.001734,0.181059,310,0.000390585,2401.3438969999997,2184.155249824546
376,26.252983,0.185515,310,0.000389609,2398.4751100000003,2172.332495626573
377,26.321446999999996,0.176293,310,0.000389619,2415.6321940000003,2196.0060370320653
378,26.28043,0.19220399999999999,310,0.000390712,2382.628223,2155.680300323678
379,26.066408,0.189725,310,0.00039056999999999997,2393.856895,2161.961268036605
380,26.027949,0.18676500000000001,310,0.000392124,2402.417799,2170.2040197318156
381,26.329039,0.183757,310,0.00037425800000000003,2404.740668,2169.9606526491457
382,26.482088,0.17723699999999998,310,0.00036199400000000003,2409.313715,2181.6662439309102
383,26.24111,0.196345,310,0.00038585599999999996,2378.414859,2142.6343483908604
384,26.40992,0.171006,310,0.00037103,2428.993554,2202.7408477723493
385,26.290647999999997,0.177235,310,0.000375041,2414.96352,2187.7279409442135
386,26.150663,0.189407,310,0.00037609499999999996,2395.7095,2155.818171735558
387,26.2628,0.170265,310,0.000364326,2432.963443,2201.9462517930347
388,26.128066,0.168227,310,0.00038413499999999997,2435.152122,2214.938558875989
389,25.902061,0.175899,310,0.000393209,2415.260564,2198.2958499314036
390,25.827269,0.193135,310,0.000375955,2380.613623,2145.8299706271964
391,25.684683,0.186773,310,0.000374361,2403.0894350000003,2161.954042971399
392,25.791377999999998,0.189973,310,0.000361681,2398.394661,2146.2973391301766
393,25.927266,0.186498,310,0.00034056500000000003,2405.649703,2142.5825133933777
394,26.006764,0.19477,310,0.000341663,2388.453567,2119.133534536876
395,25.995845000000003,0.197702,310,0.000357951,2385.634485,2122.445286466854
396,25.650223,0.186495,310,0.000371089,2407.0722920000003,2161.0255217218505
397,26.035012,0.194149,310,0.00035228599999999994,2394.259236,2128.5945810880744
398,25.881048,0.199273,310,0.000351364,2379.955856,2113.3776564640775
399,25.913381,0.194141,310,0.000362235,2390.18019,2135.119835909207
400,25.938457999999997,0.200363,310,0.00036985,2380.917939,2122.8824219007424
401,25.954681,0.18625899999999998,310,0.000353006,2403.424752,2151.4366081978637
402,25.59284,0.203495,310,0.00036116699999999997,2374.062369,2108.5509452075567
403,25.606414,0.19828800000000002,310,0.00035168800000000007,2386.091559,2116.415199552207
404,25.404547,0.194088,310,0.000364486,2387.261156,2136.6547560973454
405,25.1749,0.195907,310,0.00036567500000000004,2385.325583,2132.4022077015866
406,25.44071,0.21225700000000003,310,0.00035544300000000005,2362.984265,2079.778928754992
407,25.004714,0.203264,310,0.00037445400000000003,2369.998861,2117.9608293504316
408,24.839874,0.2035,310,0.00036256,2371.6806890000003,2109.508598045229
409,24.848983,0.22796,310,0.00037795,2329.1358170000003,2054.75914167872
410,25.115433,0.207919,310,0.000363321,2363.724689,2097.871454984903
411,25.004758,0.219889,310,0.000380609,2341.841415,2078.005016675076
412,24.520201999999998,0.215748,310,0.00039197900000000004,2353.064958,2096.2022990834903
413,24.410577,0.226875,310,0.000387446,2335.095478,2064.6497164772027
414,24.126786,0.22426300000000002,310,0.000396295,2333.365245,2077.315504293119
415,24.319697,0.220046,310,0.000405323,2344.5541940000003,2093.3412872352337
416,24.320281,0.23604699999999998,310,0.000423287,2321.9946600000003,2065.1358908137954
417,24.740341,0.198012,310,0.00041664699999999997,2381.0609280000003,2152.4384715249366
418,24.66029,0.19510999999999998,310,0.000399799,2388.808077,2152.4654733249604
419,24.824105,0.20595,310,0.00040057300000000004,2371.296305,2125.747635500707
420,25.168309,0.21078400000000003,310,0.000387724,2365.733446,2106.3483894786077
421,24.970565,0.185687,310,0.000402391,2405.291932,2177.023252534124
422,25.176641,0.185684,310,0.00039637099999999996,2400.9642440000002,2174.6950958266048
423,25.427491,0.199398,310,0.00037834,2376.841471,2130.5541027834124
424,25.601026,0.21022399999999997,310,0.000368589,2361.2067829999996,2095.334413489298
425,25.361643,0.196649,310,0.000390564,2380.640618,2144.230359400221
426,25.550283,0.19977999999999999,310,0.00037709,2379.2678690000002,2128.8199459664215
427,25.911742999999998,0.18125,310,0.000356029,2416.19598,2167.3423777454814
428,26.141303,0.180369,310,0.000344674,2406.463104,2163.1750164478804
429,26.149747,0.193991,310,0.0003560680000000001,2385.212752,2131.5816909098667
430,26.460576,0.19278900000000002,310,0.00033968800000000005,2387.267973,2123.448079994023
431,26.479133,0.191599,310,0.000340314,2386.062713,2127.4180779745793
432,26.393345,0.172983,310,0.00035964,2427.4389579999997,2192.312481640381
433,26.163255,0.18284,310,0.000378694,2405.337066,2174.480805269419
434,25.942675,0.16403800000000002,310,0.000377065,2441.744513,2223.595395542444
435,25.477997,0.17673699999999998,310,0.000390875,2416.840386,2195.32633674848
436,25.341074,0.184789,310,0.00040944,2403.597893,2181.7775665742774
437,25.111024,0.19525599999999999,310,0.000424293,2391.424409,2161.8609557837017
438,25.10076,0.196286,310,0.00040122800000000006,2386.411252,2150.166531480814
439,24.769035000000002,0.198322,310,0.000432369,2385.194607,2157.5203793080077
440,24.527869,0.208472,310,0.00044725699999999995,2363.457406,2139.6002284860497
441,24.879307999999998,0.21749000000000002,310,0.000445972,2346.637115,2118.9281299474533
442,24.708129,0.21215900000000001,310,0.00046645000000000004,2355.164961,2137.849537413446
443,24.833845999999998,0.190576,310,0.000450605,2388.269941,2180.467038946299
444,25.089866,0.199649,310,0.000428489,2379.441562,2153.0644463086983
445,25.118594,0.20781,310,0.00041773300000000005,2358.563936,2129.4118599392827
446,25.012833999999998,0.198107,310,0.000427714,2376.123668,2156.386598979785
447,24.586001,0.208698,310,0.00045204399999999997,2356.860933,2140.7359506744247
448,24.358439999999998,0.198221,310,0.00047245400000000003,2379.15485,2169.166189159086
449,24.103842999999998,0.195117,310,0.000491965,2385.099271,2179.570068220268
450,24.238069,0.20621799999999998,310,0.000493857,2373.725252,2157.421419885848
451,24.435117,0.19106199999999998,310,0.000468335,2391.3698059999997,2183.4767908597596
452,24.187858,0.20458199999999999,310,0.000466176,2367.048163,2154.0178720001777
453,24.297798,0.200258,310,0.00047259099999999996,2380.5727239999997,2164.887654529658
454,24.660514000000003,0.191296,310,0.000453357,2387.3638100000003,2179.5586895379192
455,24.855210999999997,0.193918,310,0.00045782099999999997,2393.210377,2174.9083433553064
456,24.941668,0.189696,310,0.000470432,2392.313161,2186.814083308734
457,25.079288000000002,0.190781,310,0.000450437,2398.6186420000004,2179.9697828228404
458,25.047473,0.17434000000000002,310,0.00047163399999999996,2423.506712,2219.609845044068
459,24.75207,0.180632,310,0.000488105,2413.883118,2208.55151376828
460,25.246477,0.189245,310,0.000472621,2395.195098,2188.1968431822406
461,25.196612,0.171454,310,0.00048646400000000004,2429.131538,2227.213886428055
462,25.496748,0.175813,310,0.000471995,2423.324643,2216.5345819758863
463,25.357089000000002,0.176671,310,0.00045725499999999994,2423.9892879999998,2212.4860897105427
464,25.350861,0.18378599999999998,310,0.000473393,2405.813854,2199.875524074286
465,25.475732999999998,0.176714,310,0.00047232900000000006,2425.167814,2214.671123960226
466,25.171304,0.188493,310,0.000486322,2398.332985,2192.1650211571564
467,25.428683,0.174705,310,0.00048467599999999997,2423.4267649999997,2220.3476095567144
468,25.04373,0.183935,310,0.00051417,2407.8696600000003,2204.76029585844
469,24.702502,0.17515899999999998,310,0.00052855,2420.575923,2222.5459755583856
470,24.645616,0.192955,310,0.000512705,2385.25392,2187.0296811552594
471,24.698726,0.194444,310,0.000493881,2380.154376,2181.266397539306
472,24.721014,0.19744,310,0.000481936,2383.403934,2172.8814346579247
473,25.361822,0.183384,310,0.00046105599999999994,2410.760951,2198.5450716220994
474,25.025411,0.19086,310,0.0004727530000000001,2394.2690199999997,2184.805916409273
475,25.272092999999998,0.187672,310,0.000451342,2400.758542,2187.085180694889
476,25.440703,0.182814,310,0.000427137,2406.934854,2191.982898419282
477,25.525163,0.180101,310,0.00042617400000000003,2413.8888260000003,2198.0814184038386
478,25.694667000000003,0.190951,310,0.00042617400000000003,2394.2668510000003,2172.6223336168737
479,25.836191,0.17857,310,0.00042698099999999994,2415.5219620000003,2201.879318635002
480,25.858039,0.199127,310,0.00042554300000000007,2369.304573,2153.204178531188
481,25.87115,0.190244,310,0.00040542800000000005,2389.600984,2166.9090952928755
482,25.876261,0.197699,310,0.000419781,2374.7307960000003,2154.40914801538
483,26.038412,0.178043,310,0.00041856599999999994,2418.872088,2200.9009582893636
484,26.151025,0.18048599999999998,310,0.00041707800000000003,2409.477969,2194.6299901339107
485,26.204806,0.175241,310,0.00040166900000000006,2416.840559,2202.756992484311
486,26.238478999999998,0.177474,310,0.000400537,2413.428559,2196.8238419750796
487,26.258824,0.173401,310,0.00042389900000000004,2430.9694440000003,2213.278316644271
488,26.313409999999998,0.15809,310,0.00044119900000000003,2460.499084,2251.6210973102957
489,26.253565999999996,0.15795399999999998,310,0.000461763,2460.970753,2253.7505985351995
490,26.349891999999997,0.15019000000000002,310,0.00044077699999999994,2478.267003,2269.4975899211836
491,26.641513,0.162543,310,0.00042355,2451.087542,2238.832283803778
492,26.360020000000002,0.16455999999999998,310,0.00044733999999999996,2447.487354,2237.7916599155346
493,26.284894,0.155147,310,0.000456189,2470.4927559999996,2259.4889785323435
494,25.837082000000002,0.16155899999999998,310,0.000466836,2459.4606949999998,2246.358430938221
495,25.828682999999998,0.162482,310,0.00047663199999999995,2463.6254710000003,2245.096919378816
496,26.198804,0.161028,310,0.00045242000000000004,2464.1746239999998,2246.228594291234
497,26.310577000000002,0.15532200000000002,310,0.000457533,2476.744387,2259.193552363662
498,26.427853999999996,0.140408,310,0.0004711180000000001,2501.7686719999997,2291.5687439319977
499,26.203948999999998,0.141065,310,0.000484945,2504.876159,2289.7442419078975
